0 0
1 0
2 0
3 0
4 0
5 0
6 0
7 0
8 0
9 0
10 0
11 0
12 0
13 0
14 0
15 0
16 0
17 0
18 0
19 0
20 0
21 0
22 0
23 0
24 0
25 0
26 0
27 0
28 0
29 0
30 0
31 0
32 0
33 0
34 1
35 0
36 0
37 0
38 0
39 0
40 0
41 0
42 0
43 0
44 0
45 0
46 0
47 0
48 0
49 0
50 0
51 0
52 0
53 0
54 0
55 0
56 0
57 0
58 0
59 0
60 0
61 0
62 0
63 0
64 0
65 0
66 0
67 0
68 0
69 0
70 0
71 0
72 0
73 0
74 0
75 0
76 0
77 0
78 0
79 0
80 0
81 0
82 0
83 0
84 0
85 0
86 0
87 0
88 0
89 0
90 0
91 0
92 0
93 0
94 0
95 0
96 0
97 0
98 0
99 0
100 0
101 0
102 0
103 0
104 0
105 0
106 0
107 5
108 0
109 0
110 0
111 0
112 0
113 0
114 0
115 0
116 0
117 0
118 0
119 0
120 0
121 0
122 0
123 0
124 0
125 0
126 0
127 0
128 0
129 0
130 0
131 0
132 0
133 0
134 0
135 0
136 10
137 0
138 0
139 0
140 0
141 0
142 0
143 0
144 0
145 0
146 0
147 0
148 0
149 0
150 0
151 0
152 0
153 0
154 0
155 0
156 0
157 0
158 0
159 0
160 0
161 0
162 0
163 0
164 0
165 0
166 0
167 0
168 0
169 0
170 0
171 0
172 0
173 1
174 0
175 0
176 0
177 0
178 0
179 0
180 0
181 0
182 0
183 0
184 0
185 0
186 0
187 0
188 0
189 0
190 0
191 0
192 0
193 0
194 0
195 0
196 0
197 0
198 1
199 0
200 0
201 0
202 0
203 0
204 0
205 0
206 0
207 0
208 0
209 0
210 0
211 0
212 0
213 0
214 0
215 0
216 0
217 0
218 0
219 0
220 0
221 0
222 0
223 0
224 0
225 0
226 0
227 0
228 0
229 0
230 0
231 0
232 0
233 0
234 0
235 0
236 0
237 0
238 0
239 0
240 0
241 0
242 0
243 0
244 0
245 0
246 0
247 0
248 0
249 0
250 0
251 0
252 0
253 0
254 0
255 0
256 0
257 0
258 0
259 0
260 0
261 0
262 0
263 0
264 0
265 0
266 0
267 0
268 0
269 0
270 0
271 0
272 0
273 0
274 0
275 0
276 0
277 0
278 0
279 0
280 0
281 0
282 0
283 0
284 0
285 0
286 0
287 0
288 0
289 0
290 0
291 0
292 0
293 0
294 0
295 0
296 0
297 0
298 0
299 0
300 0
301 0
302 0
303 0
304 0
305 0
306 0
307 0
308 0
309 0
310 0
311 0
312 0
313 0
314 0
315 0
316 0
317 0
318 0
319 0
320 0
321 0
322 0
323 0
324 0
325 0
326 0
327 0
328 0
329 0
330 0
331 0
332 0
333 0
334 0
335 0
336 0
337 0
338 0
339 0
340 0
341 0
342 0
343 0
344 0
345 0
346 0
347 0
348 1
349 1
350 1
351 1
352 1
353 1
354 1
355 1
356 1
357 1
358 1
359 1
360 1
361 1
362 1
363 1
364 1
365 1
366 1
367 1
368 1
369 1
370 1
371 1
372 1
373 1
374 1
375 1
376 1
377 1
378 1
379 1
380 1
381 1
382 1
383 1
384 1
385 1
386 1
387 1
388 1
389 7
390 1
391 1
392 1
393 1
394 1
395 1
396 1
397 1
398 1
399 1
400 1
401 1
402 1
403 1
404 1
405 1
406 1
407 1
408 1
409 1
410 1
411 1
412 1
413 1
414 1
415 1
416 1
417 1
418 1
419 1
420 1
421 1
422 1
423 1
424 1
425 1
426 1
427 1
428 1
429 1
430 1
431 1
432 1
433 1
434 1
435 1
436 1
437 1
438 1
439 1
440 1
441 1
442 1
443 1
444 1
445 1
446 1
447 1
448 1
449 1
450 1
451 1
452 1
453 1
454 1
455 1
456 1
457 1
458 1
459 1
460 1
461 1
462 1
463 1
464 1
465 1
466 1
467 1
468 1
469 1
470 1
471 1
472 1
473 1
474 1
475 1
476 1
477 1
478 1
479 1
480 1
481 1
482 1
483 1
484 1
485 1
486 1
487 1
488 1
489 1
490 1
491 1
492 1
493 1
494 1
495 1
496 1
497 1
498 1
499 1
500 1
501 1
502 1
503 1
504 1
505 1
506 1
507 1
508 1
509 1
510 1
511 1
512 1
513 1
514 1
515 1
516 1
517 1
518 1
519 1
520 1
521 1
522 1
523 1
524 1
525 1
526 1
527 1
528 1
529 1
530 1
531 1
532 1
533 1
534 1
535 1
536 1
537 1
538 1
539 1
540 1
541 1
542 1
543 1
544 1
545 1
546 1
547 1
548 1
549 1
550 1
551 1
552 1
553 1
554 1
555 1
556 1
557 1
558 1
559 1
560 1
561 1
562 1
563 1
564 1
565 1
566 1
567 1
568 1
569 1
570 1
571 1
572 1
573 1
574 1
575 1
576 2
577 2
578 2
579 1
580 1
581 1
582 2
583 2
584 1
585 1
586 1
587 1
588 1
589 1
590 1
591 1
592 1
593 1
594 15
595 2
596 1
597 1
598 1
599 2
600 2
601 1
602 1
603 1
604 1
605 1
606 1
607 1
608 1
609 1
610 1
611 1
612 1
613 1
614 1
615 2
616 1
617 1
618 1
619 1
620 1
621 1
622 1
623 1
624 1
625 1
626 1
627 2
628 2
629 1
630 1
631 1
632 2
633 1
634 1
635 2
636 1
637 1
638 1
639 1
640 2
641 1
642 1
643 2
644 1
645 1
646 1
647 2
648 1
649 1
650 2
651 1
652 1
653 1
654 1
655 1
656 1
657 1
658 2
659 2
660 1
661 2
662 2
663 1
664 1
665 2
666 1
667 1
668 1
669 1
670 2
671 1
672 1
673 1
674 1
675 2
676 1
677 1
678 1
679 1
680 1
681 2
682 1
683 1
684 1
685 1
686 3
687 3
688 3
689 3
690 3
691 3
692 3
693 3
694 3
695 3
696 3
697 3
698 3
699 3
700 3
701 3
702 3
703 3
704 3
705 3
706 3
707 3
708 3
709 3
710 3
711 3
712 3
713 3
714 3
715 3
716 3
717 3
718 3
719 3
720 3
721 3
722 3
723 3
724 3
725 3
726 3
727 3
728 3
729 3
730 3
731 3
732 3
733 3
734 3
735 3
736 3
737 3
738 3
739 3
740 3
741 3
742 3
743 3
744 3
745 3
746 3
747 3
748 3
749 3
750 3
751 3
752 3
753 3
754 3
755 3
756 3
757 3
758 3
759 3
760 3
761 3
762 3
763 3
764 3
765 3
766 3
767 3
768 3
769 3
770 3
771 3
772 3
773 3
774 3
775 3
776 3
777 3
778 3
779 3
780 3
781 3
782 3
783 3
784 3
785 3
786 3
787 3
788 3
789 3
790 3
791 3
792 3
793 3
794 3
795 3
796 3
797 3
798 3
799 3
800 3
801 3
802 3
803 3
804 3
805 3
806 3
807 3
808 3
809 3
810 3
811 3
812 3
813 3
814 3
815 3
816 3
817 3
818 3
819 3
820 3
821 3
822 3
823 3
824 3
825 3
826 3
827 3
828 3
829 3
830 3
831 3
832 3
833 3
834 3
835 3
836 3
837 3
838 3
839 3
840 3
841 3
842 3
843 3
844 3
845 3
846 3
847 3
848 3
849 3
850 3
851 3
852 3
853 3
854 3
855 3
856 3
857 14
858 3
859 3
860 3
861 3
862 14
863 3
864 3
865 14
866 3
867 3
868 14
869 3
870 3
871 3
872 3
873 3
874 3
875 3
876 3
877 3
878 3
879 3
880 3
881 3
882 3
883 3
884 3
885 3
886 3
887 3
888 3
889 3
890 3
891 3
892 3
893 3
894 3
895 3
896 7
897 5
898 7
899 5
900 4
901 4
902 7
903 4
904 5
905 1
906 5
907 5
908 4
909 4
910 1
911 5
912 1
913 7
914 7
915 1
916 5
917 7
918 5
919 7
920 5
921 5
922 5
923 4
924 7
925 5
926 5
927 5
928 4
929 4
930 1
931 1
932 5
933 7
934 5
935 7
936 1
937 7
938 4
939 1
940 7
941 7
942 7
943 7
944 7
945 7
946 5
947 5
948 1
949 7
950 4
951 4
952 5
953 5
954 7
955 4
956 4
957 7
958 4
959 5
960 5
961 5
962 1
963 4
964 7
965 7
966 5
967 5
968 7
969 7
970 4
971 7
972 5
973 5
974 7
975 7
976 1
977 7
978 5
979 4
980 5
981 7
982 5
983 5
984 7
985 7
986 7
987 4
988 7
989 7
990 6
991 5
992 4
993 5
994 7
995 5
996 5
997 5
998 5
999 5
1000 7
1001 1
1002 5
1003 5
1004 5
1005 7
1006 5
1007 7
1008 5
1009 7
1010 7
1011 7
1012 1
1013 7
1014 7
1015 7
1016 4
1017 5
1018 7
1019 7
1020 7
1021 7
1022 5
1023 4
1024 5
1025 1
1026 5
1027 5
1028 5
1029 5
1030 4
1031 4
1032 7
1033 4
1034 5
1035 7
1036 7
1037 7
1038 5
1039 5
1040 5
1041 7
1042 7
1043 4
1044 7
1045 4
1046 5
1047 5
1048 5
1049 5
1050 5
1051 7
1052 7
1053 4
1054 5
1055 5
1056 5
1057 4
1058 5
1059 5
1060 7
1061 4
1062 7
1063 5
1064 1
1065 7
1066 7
1067 7
1068 5
1069 5
1070 7
1071 5
1072 7
1073 4
1074 5
1075 5
1076 5
1077 5
1078 5
1079 5
1080 1
1081 7
1082 7
1083 5
1084 5
1085 14
1086 5
1087 5
1088 4
1089 7
1090 7
1091 5
1092 5
1093 7
1094 1
1095 1
1096 5
1097 4
1098 4
1099 7
1100 7
1101 5
1102 7
1103 7
1104 7
1105 5
1106 7
1107 5
1108 7
1109 7
1110 5
1111 4
1112 5
1113 1
1114 1
1115 7
1116 5
1117 5
1118 4
1119 5
1120 7
1121 7
1122 1
1123 5
1124 5
1125 5
1126 5
1127 7
1128 5
1129 7
1130 5
1131 7
1132 5
1133 5
1134 7
1135 5
1136 4
1137 4
1138 4
1139 7
1140 6
1141 7
1142 1
1143 7
1144 4
1145 5
1146 5
1147 7
1148 7
1149 5
1150 5
1151 5
1152 7
1153 5
1154 1
1155 1
1156 5
1157 5
1158 7
1159 7
1160 5
1161 5
1162 1
1163 5
1164 5
1165 4
1166 7
1167 7
1168 7
1169 7
1170 7
1171 5
1172 5
1173 5
1174 4
1175 5
1176 7
1177 4
1178 4
1179 1
1180 5
1181 5
1182 5
1183 7
1184 5
1185 5
1186 4
1187 4
1188 7
1189 7
1190 7
1191 5
1192 7
1193 4
1194 5
1195 5
1196 5
1197 4
1198 5
1199 5
1200 5
1201 5
1202 5
1203 4
1204 7
1205 5
1206 5
1207 5
1208 5
1209 5
1210 1
1211 5
1212 1
1213 7
1214 5
1215 7
1216 4
1217 7
1218 4
1219 5
1220 5
1221 7
1222 5
1223 1
1224 5
1225 7
1226 7
1227 7
1228 7
1229 7
1230 5
1231 7
1232 4
1233 1
1234 1
1235 7
1236 7
1237 1
1238 5
1239 5
1240 4
1241 7
1242 5
1243 5
1244 7
1245 7
1246 7
1247 7
1248 7
1249 7
1250 5
1251 4
1252 4
1253 5
1254 4
1255 5
1256 5
1257 7
1258 7
1259 7
1260 7
1261 7
1262 5
1263 1
1264 7
1265 5
1266 5
1267 5
1268 7
1269 5
1270 5
1271 5
1272 5
1273 7
1274 4
1275 7
1276 5
1277 7
1278 5
1279 7
1280 5
1281 7
1282 7
1283 5
1284 7
1285 5
1286 7
1287 5
1288 5
1289 5
1290 5
1291 5
1292 7
1293 5
1294 1
1295 1
1296 7
1297 0
1298 7
1299 7
1300 1
1301 5
1302 5
1303 7
1304 7
1305 5
1306 7
1307 4
1308 7
1309 7
1310 7
1311 7
1312 5
1313 1
1314 4
1315 7
1316 7
1317 4
1318 1
1319 4
1320 1
1321 5
1322 7
1323 5
1324 7
1325 4
1326 5
1327 5
1328 4
1329 5
1330 5
1331 5
1332 1
1333 4
1334 5
1335 5
1336 5
1337 5
1338 7
1339 5
1340 5
1341 5
1342 1
1343 7
1344 5
1345 7
1346 5
1347 7
1348 7
1349 1
1350 7
1351 5
1352 5
1353 4
1354 7
1355 7
1356 1
1357 1
1358 1
1359 5
1360 4
1361 5
1362 7
1363 4
1364 7
1365 5
1366 7
1367 5
1368 4
1369 5
1370 5
1371 4
1372 1
1373 7
1374 1
1375 5
1376 5
1377 5
1378 4
1379 7
1380 5
1381 7
1382 7
1383 5
1384 4
1385 7
1386 5
1387 0
1388 5
1389 5
1390 5
1391 5
1392 7
1393 5
1394 4
1395 5
1396 7
1397 1
1398 5
1399 5
1400 1
1401 5
1402 5
1403 4
1404 7
1405 5
1406 7
1407 5
1408 1
1409 5
1410 4
1411 5
1412 7
1413 7
1414 7
1415 7
1416 5
1417 7
1418 7
1419 5
1420 5
1421 4
1422 1
1423 7
1424 4
1425 1
1426 7
1427 1
1428 7
1429 7
1430 1
1431 5
1432 7
1433 4
1434 5
1435 7
1436 7
1437 5
1438 7
1439 5
1440 5
1441 5
1442 5
1443 1
1444 7
1445 4
1446 1
1447 5
1448 7
1449 5
1450 6
1451 7
1452 4
1453 1
1454 7
1455 1
1456 5
1457 5
1458 5
1459 7
1460 5
1461 5
1462 7
1463 5
1464 1
1465 10
1466 5
1467 5
1468 4
1469 7
1470 5
1471 5
1472 7
1473 7
1474 7
1475 7
1476 5
1477 5
1478 1
1479 7
1480 5
1481 7
1482 7
1483 5
1484 5
1485 5
1486 0
1487 1
1488 5
1489 7
1490 1
1491 5
1492 7
1493 4
1494 4
1495 7
1496 7
1497 1
1498 5
1499 4
1500 7
1501 5
1502 7
1503 7
1504 7
1505 6
1506 1
1507 7
1508 7
1509 5
1510 7
1511 4
1512 1
1513 5
1514 1
1515 7
1516 5
1517 5
1518 5
1519 5
1520 5
1521 5
1522 5
1523 5
1524 5
1525 7
1526 1
1527 5
1528 5
1529 7
1530 5
1531 7
1532 5
1533 4
1534 6
1535 5
1536 7
1537 5
1538 5
1539 5
1540 5
1541 7
1542 5
1543 1
1544 5
1545 1
1546 4
1547 5
1548 4
1549 1
1550 7
1551 5
1552 5
1553 4
1554 5
1555 4
1556 5
1557 5
1558 5
1559 5
1560 5
1561 5
1562 4
1563 5
1564 5
1565 1
1566 1
1567 4
1568 4
1569 7
1570 5
1571 5
1572 5
1573 7
1574 1
1575 7
1576 7
1577 10
1578 7
1579 4
1580 5
1581 5
1582 7
1583 7
1584 5
1585 5
1586 5
1587 7
1588 4
1589 5
1590 5
1591 7
1592 7
1593 4
1594 5
1595 7
1596 7
1597 5
1598 5
1599 1
1600 5
1601 4
1602 1
1603 5
1604 5
1605 5
1606 1
1607 4
1608 5
1609 5
1610 5
1611 7
1612 5
1613 5
1614 5
1615 4
1616 1
1617 5
1618 5
1619 5
1620 5
1621 5
1622 5
1623 5
1624 7
1625 1
1626 5
1627 5
1628 7
1629 4
1630 7
1631 1
1632 5
1633 7
1634 7
1635 7
1636 7
1637 5
1638 7
1639 5
1640 7
1641 4
1642 6
1643 5
1644 5
1645 1
1646 7
1647 7
1648 4
1649 7
1650 7
1651 5
1652 5
1653 5
1654 1
1655 7
1656 6
1657 1
1658 7
1659 5
1660 1
1661 7
1662 5
1663 5
1664 7
1665 5
1666 6
1667 7
1668 5
1669 5
1670 5
1671 1
1672 7
1673 1
1674 5
1675 5
1676 4
1677 1
1678 5
1679 1
1680 7
1681 7
1682 7
1683 5
1684 6
1685 5
1686 7
1687 4
1688 5
1689 5
1690 7
1691 7
1692 1
1693 4
1694 1
1695 1
1696 1
1697 5
1698 4
1699 7
1700 5
1701 4
1702 5
1703 7
1704 7
1705 4
1706 7
1707 5
1708 4
1709 7
1710 5
1711 5
1712 5
1713 7
1714 5
1715 7
1716 7
1717 5
1718 10
1719 4
1720 7
1721 5
1722 5
1723 5
1724 5
1725 7
1726 6
1727 7
1728 7
1729 7
1730 5
1731 1
1732 7
1733 4
1734 5
1735 5
1736 5
1737 5
1738 7
1739 7
1740 1
1741 5
1742 7
1743 1
1744 1
1745 7
1746 5
1747 4
1748 7
1749 7
1750 5
1751 7
1752 5
1753 5
1754 5
1755 7
1756 7
1757 5
1758 6
1759 7
1760 4
1761 5
1762 1
1763 1
1764 7
1765 5
1766 1
1767 1
1768 5
1769 5
1770 7
1771 5
1772 5
1773 1
1774 5
1775 5
1776 1
1777 1
1778 1
1779 5
1780 5
1781 7
1782 5
1783 7
1784 4
1785 7
1786 7
1787 4
1788 4
1789 5
1790 1
1791 5
1792 5
1793 5
1794 7
1795 5
1796 5
1797 5
1798 4
1799 5
1800 5
1801 1
1802 4
1803 4
1804 5
1805 5
1806 4
1807 7
1808 1
1809 5
1810 5
1811 5
1812 7
1813 5
1814 1
1815 7
1816 5
1817 5
1818 7
1819 5
1820 7
1821 5
1822 5
1823 5
1824 7
1825 4
1826 5
1827 5
1828 7
1829 1
1830 7
1831 1
1832 5
1833 5
1834 5
1835 5
1836 5
1837 4
1838 4
1839 5
1840 7
1841 7
1842 5
1843 5
1844 1
1845 5
1846 5
1847 7
1848 7
1849 5
1850 7
1851 5
1852 5
1853 1
1854 5
1855 7
1856 5
1857 7
1858 5
1859 7
1860 5
1861 5
1862 7
1863 5
1864 5
1865 5
1866 4
1867 5
1868 5
1869 7
1870 1
1871 7
1872 7
1873 7
1874 5
1875 7
1876 7
1877 5
1878 1
1879 5
1880 4
1881 1
1882 1
1883 5
1884 7
1885 7
1886 5
1887 7
1888 5
1889 4
1890 5
1891 5
1892 4
1893 7
1894 7
1895 4
1896 4
1897 7
1898 5
1899 7
1900 5
1901 1
1902 5
1903 7
1904 7
1905 5
1906 7
1907 7
1908 4
1909 5
1910 1
1911 5
1912 10
1913 10
1914 8
1915 10
1916 10
1917 9
1918 9
1919 8
1920 10
1921 8
1922 10
1923 10
1924 11
1925 9
1926 10
1927 8
1928 8
1929 9
1930 10
1931 8
1932 10
1933 10
1934 10
1935 8
1936 10
1937 10
1938 9
1939 10
1940 10
1941 10
1942 9
1943 9
1944 10
1945 10
1946 9
1947 10
1948 10
1949 10
1950 8
1951 8
1952 10
1953 9
1954 10
1955 10
1956 10
1957 8
1958 8
1959 10
1960 10
1961 10
1962 9
1963 9
1964 10
1965 10
1966 9
1967 1
1968 8
1969 10
1970 10
1971 9
1972 8
1973 8
1974 10
1975 10
1976 8
1977 10
1978 10
1979 9
1980 8
1981 10
1982 10
1983 9
1984 9
1985 9
1986 9
1987 10
1988 11
1989 9
1990 10
1991 8
1992 11
1993 9
1994 10
1995 8
1996 10
1997 9
1998 8
1999 8
2000 8
2001 8
2002 10
2003 10
2004 8
2005 9
2006 8
2007 10
2008 10
2009 8
2010 10
2011 8
2012 8
2013 8
2014 8
2015 10
2016 8
2017 10
2018 8
2019 9
2020 9
2021 9
2022 8
2023 10
2024 8
2025 8
2026 10
2027 8
2028 10
2029 10
2030 9
2031 10
2032 10
2033 9
2034 10
2035 10
2036 10
2037 9
2038 10
2039 10
2040 9
2041 10
2042 10
2043 9
2044 9
2045 9
2046 9
2047 10
2048 10
2049 10
2050 8
2051 10
2052 10
2053 10
2054 10
2055 9
2056 9
2057 10
2058 9
2059 9
2060 9
2061 8
2062 10
2063 9
2064 9
2065 10
2066 10
2067 9
2068 10
2069 9
2070 10
2071 10
2072 10
2073 9
2074 9
2075 10
2076 11
2077 9
2078 9
2079 10
2080 10
2081 10
2082 10
2083 9
2084 9
2085 10
2086 9
2087 10
2088 9
2089 10
2090 9
2091 10
2092 9
2093 9
2094 10
2095 9
2096 10
2097 8
2098 9
2099 10
2100 10
2101 10
2102 10
2103 9
2104 9
2105 10
2106 10
2107 10
2108 9
2109 9
2110 10
2111 10
2112 9
2113 10
2114 10
2115 9
2116 8
2117 10
2118 9
2119 10
2120 10
2121 9
2122 9
2123 9
2124 9
2125 10
2126 10
2127 10
2128 10
2129 10
2130 10
2131 9
2132 10
2133 10
2134 10
2135 10
2136 9
2137 10
2138 10
2139 9
2140 9
2141 10
2142 9
2143 10
2144 10
2145 10
2146 10
2147 9
2148 10
2149 10
2150 9
2151 10
2152 10
2153 10
2154 9
2155 10
2156 10
2157 8
2158 10
2159 8
2160 10
2161 10
2162 10
2163 10
2164 9
2165 9
2166 10
2167 10
2168 10
2169 10
2170 11
2171 8
2172 9
2173 10
2174 10
2175 10
2176 10
2177 10
2178 10
2179 9
2180 10
2181 10
2182 10
2183 10
2184 9
2185 10
2186 10
2187 10
2188 9
2189 10
2190 9
2191 10
2192 8
2193 10
2194 10
2195 10
2196 10
2197 10
2198 10
2199 10
2200 9
2201 9
2202 8
2203 10
2204 10
2205 10
2206 9
2207 11
2208 10
2209 10
2210 9
2211 10
2212 9
2213 9
2214 10
2215 10
2216 9
2217 10
2218 9
2219 10
2220 9
2221 10
2222 10
2223 10
2224 10
2225 8
2226 10
2227 10
2228 10
2229 9
2230 10
2231 10
2232 10
2233 9
2234 9
2235 10
2236 10
2237 9
2238 10
2239 10
2240 9
2241 10
2242 10
2243 10
2244 9
2245 10
2246 10
2247 10
2248 10
2249 10
2250 10
2251 10
2252 10
2253 9
2254 10
2255 11
2256 10
2257 9
2258 9
2259 10
2260 10
2261 9
2262 9
2263 10
2264 10
2265 10
2266 9
2267 10
2268 10
2269 10
2270 10
2271 9
2272 10
2273 10
2274 10
2275 9
2276 9
2277 10
2278 9
2279 10
2280 10
2281 10
2282 10
2283 10
2284 8
2285 10
2286 10
2287 9
2288 9
2289 10
2290 9
2291 10
2292 10
2293 10
2294 10
2295 10
2296 10
2297 8
2298 10
2299 9
2300 9
2301 10
2302 10
2303 9
2304 10
2305 10
2306 9
2307 9
2308 9
2309 9
2310 10
2311 9
2312 10
2313 10
2314 10
2315 10
2316 10
2317 10
2318 10
2319 10
2320 11
2321 10
2322 10
2323 9
2324 9
2325 10
2326 9
2327 10
2328 10
2329 9
2330 10
2331 9
2332 10
2333 10
2334 9
2335 10
2336 10
2337 8
2338 10
2339 9
2340 9
2341 10
2342 10
2343 10
2344 10
2345 10
2346 8
2347 9
2348 9
2349 11
2350 9
2351 10
2352 9
2353 9
2354 9
2355 10
2356 9
2357 10
2358 10
2359 9
2360 10
2361 10
2362 10
2363 9
2364 8
2365 8
2366 10
2367 10
2368 10
2369 9
2370 9
2371 10
2372 10
2373 10
2374 9
2375 10
2376 9
2377 10
2378 8
2379 10
2380 10
2381 9
2382 10
2383 9
2384 10
2385 10
2386 9
2387 9
2388 10
2389 10
2390 10
2391 9
2392 9
2393 9
2394 10
2395 9
2396 10
2397 10
2398 10
2399 10
2400 10
2401 11
2402 10
2403 10
2404 9
2405 10
2406 10
2407 9
2408 9
2409 9
2410 9
2411 10
2412 10
2413 10
2414 9
2415 10
2416 10
2417 10
2418 9
2419 10
2420 10
2421 10
2422 10
2423 9
2424 10
2425 10
2426 11
2427 9
2428 9
2429 9
2430 9
2431 10
2432 10
2433 9
2434 10
2435 8
2436 10
2437 10
2438 10
2439 10
2440 10
2441 10
2442 9
2443 9
2444 11
2445 10
2446 9
2447 8
2448 10
2449 9
2450 10
2451 10
2452 10
2453 10
2454 9
2455 10
2456 10
2457 10
2458 10
2459 8
2460 9
2461 10
2462 9
2463 10
2464 9
2465 10
2466 11
2467 9
2468 9
2469 9
2470 10
2471 10
2472 10
2473 10
2474 10
2475 10
2476 9
2477 9
2478 9
2479 10
2480 10
2481 10
2482 9
2483 10
2484 9
2485 9
2486 11
2487 10
2488 10
2489 9
2490 11
2491 10
2492 9
2493 10
2494 8
2495 9
2496 10
2497 10
2498 10
2499 9
2500 9
2501 10
2502 10
2503 10
2504 9
2505 10
2506 9
2507 9
2508 10
2509 10
2510 10
2511 10
2512 10
2513 11
2514 10
2515 11
2516 10
2517 10
2518 10
2519 10
2520 9
2521 9
2522 10
2523 10
2524 9
2525 10
2526 9
2527 10
2528 10
2529 10
2530 10
2531 10
2532 9
2533 10
2534 10
2535 10
2536 9
2537 10
2538 8
2539 9
2540 10
2541 10
2542 9
2543 9
2544 10
2545 9
2546 9
2547 10
2548 10
2549 9
2550 9
2551 9
2552 9
2553 9
2554 9
2555 10
2556 9
2557 10
2558 10
2559 9
2560 9
2561 9
2562 10
2563 9
2564 9
2565 10
2566 10
2567 10
2568 10
2569 10
2570 10
2571 10
2572 10
2573 9
2574 9
2575 9
2576 9
2577 10
2578 9
2579 9
2580 10
2581 10
2582 10
2583 8
2584 9
2585 8
2586 9
2587 10
2588 10
2589 10
2590 9
2591 9
2592 10
2593 9
2594 10
2595 10
2596 10
2597 10
2598 10
2599 10
2600 9
2601 9
2602 9
2603 10
2604 9
2605 10
2606 9
2607 9
2608 10
2609 10
2610 10
2611 9
2612 10
2613 9
2614 10
2615 9
2616 10
2617 10
2618 10
2619 9
2620 8
2621 10
2622 11
2623 9
2624 9
2625 9
2626 8
2627 8
2628 10
2629 10
2630 9
2631 9
2632 10
2633 8
2634 10
2635 10
2636 8
2637 10
2638 9
2639 8
2640 8
2641 10
2642 10
2643 10
2644 10
2645 8
2646 9
2647 8
2648 8
2649 10
2650 11
2651 10
2652 10
2653 10
2654 9
2655 9
2656 10
2657 8
2658 8
2659 8
2660 8
2661 6
2662 6
2663 13
2664 13
2665 6
2666 13
2667 6
2668 6
2669 13
2670 12
2671 6
2672 6
2673 13
2674 6
2675 6
2676 13
2677 6
2678 6
2679 13
2680 13
2681 13
2682 6
2683 13
2684 6
2685 6
2686 6
2687 6
2688 6
2689 13
2690 6
2691 6
2692 6
2693 6
2694 13
2695 13
2696 6
2697 6
2698 13
2699 12
2700 6
2701 6
2702 6
2703 12
2704 0
2705 13
2706 13
2707 6
2708 6
2709 6
2710 13
2711 6
2712 6
2713 6
2714 6
2715 6
2716 6
2717 13
2718 6
2719 6
2720 6
2721 6
2722 6
2723 6
2724 6
2725 6
2726 13
2727 6
2728 6
2729 13
2730 6
2731 13
2732 6
2733 6
2734 6
2735 6
2736 6
2737 6
2738 13
2739 6
2740 0
2741 13
2742 6
2743 13
2744 6
2745 13
2746 13
2747 6
2748 6
2749 13
2750 13
2751 6
2752 6
2753 6
2754 13
2755 13
2756 13
2757 13
2758 6
2759 13
2760 6
2761 13
2762 6
2763 13
2764 6
2765 6
2766 13
2767 12
2768 6
2769 13
2770 6
2771 6
2772 6
2773 13
2774 6
2775 6
2776 6
2777 13
2778 6
2779 6
2780 6
2781 6
2782 13
2783 6
2784 6
2785 6
2786 13
2787 6
2788 6
2789 13
2790 6
2791 6
2792 6
2793 6
2794 13
2795 6
2796 6
2797 6
2798 13
2799 6
2800 13
2801 6
2802 6
2803 6
2804 6
2805 6
2806 13
2807 13
2808 6
2809 13
2810 13
2811 6
2812 6
2813 6
2814 0
2815 13
2816 6
2817 6
2818 6
2819 6
2820 6
2821 13
2822 6
2823 6
2824 6
2825 6
2826 6
2827 13
2828 6
2829 6
2830 6
2831 6
2832 6
2833 6
2834 12
2835 13
2836 6
2837 13
2838 0
2839 13
2840 6
2841 6
2842 6
2843 6
2844 6
2845 6
2846 6
2847 6
2848 6
2849 6
2850 13
2851 13
2852 13
2853 6
2854 13
2855 6
2856 6
2857 6
2858 6
2859 6
2860 6
2861 6
2862 13
2863 6
2864 13
2865 6
2866 13
2867 13
2868 6
2869 6
2870 6
2871 6
2872 13
2873 13
2874 13
2875 6
2876 6
2877 13
2878 6
2879 12
2880 13
2881 6
2882 6
2883 6
2884 13
2885 0
2886 6
2887 13
2888 13
2889 12
2890 13
2891 13
2892 6
2893 6
2894 6
2895 6
2896 13
2897 13
2898 6
2899 13
2900 6
2901 6
2902 6
2903 6
2904 6
2905 13
2906 13
2907 13
2908 13
2909 13
2910 13
2911 13
2912 13
2913 13
2914 6
2915 13
2916 13
2917 13
2918 6
2919 13
2920 13
2921 6
2922 6
2923 6
2924 13
2925 13
2926 6
2927 13
2928 13
2929 13
2930 6
2931 13
2932 6
2933 6
2934 6
2935 6
2936 6
2937 6
2938 6
2939 6
2940 13
2941 6
2942 6
2943 13
2944 13
2945 13
2946 13
2947 6
2948 13
2949 6
2950 6
2951 6
2952 13
2953 13
2954 6
2955 6
2956 13
2957 6
2958 6
2959 12
2960 13
2961 13
2962 6
2963 13
2964 6
2965 6
2966 13
2967 13
2968 6
2969 13
2970 6
2971 6
2972 12
2973 6
2974 13
2975 6
2976 6
2977 13
2978 13
2979 6
2980 6
2981 13
2982 12
2983 6
2984 6
2985 13
2986 13
2987 13
2988 13
2989 6
2990 6
2991 6
2992 6
2993 13
2994 13
2995 6
2996 6
2997 6
2998 6
2999 6
3000 13
3001 6
3002 6
3003 0
3004 13
3005 6
3006 6
3007 6
3008 12
3009 6
3010 13
3011 6
3012 6
3013 6
3014 13
3015 6
3016 6
3017 6
3018 6
3019 6
3020 6
3021 6
3022 13
3023 13
3024 6
3025 13
3026 13
3027 6
3028 6
3029 13
3030 13
3031 6
3032 6
3033 13
3034 6
3035 6
3036 13
3037 6
3038 6
3039 6
3040 13
3041 6
3042 13
3043 6
3044 13
3045 13
3046 6
3047 13
3048 6
3049 6
3050 6
3051 6
3052 13
3053 6
3054 13
3055 6
3056 13
3057 6
3058 6
3059 13
3060 6
3061 6
3062 6
3063 6
3064 13
3065 13
3066 6
3067 6
3068 6
3069 6
3070 6
3071 6
3072 6
3073 13
3074 6
3075 6
3076 6
3077 6
3078 13
3079 6
3080 13
3081 6
3082 6
3083 6
3084 13
3085 13
3086 6
3087 6
3088 6
3089 6
3090 13
3091 6
3092 13
3093 6
3094 6
3095 13
3096 13
3097 6
3098 13
3099 6
3100 6
3101 6
3102 6
3103 6
3104 13
3105 6
3106 6
3107 6
3108 13
3109 6
3110 6
3111 6
3112 6
3113 6
3114 13
3115 6
3116 6
3117 13
3118 6
3119 13
3120 6
3121 6
3122 6
3123 13
3124 6
3125 6
3126 6
3127 6
3128 6
3129 13
3130 13
3131 6
3132 6
3133 6
3134 6
3135 13
3136 6
3137 13
3138 6
3139 13
3140 6
3141 6
3142 13
3143 13
3144 6
3145 6
3146 6
3147 6
3148 6
3149 13
3150 6
3151 6
3152 6
3153 13
3154 6
3155 6
3156 6
3157 6
3158 13
3159 6
3160 6
3161 6
3162 6
3163 13
3164 6
3165 6
3166 13
3167 6
3168 6
3169 6
3170 6
3171 6
3172 6
3173 6
3174 13
3175 6
3176 6
3177 6
3178 6
3179 6
3180 6
3181 6
3182 6
3183 6
3184 13
3185 6
3186 6
3187 6
3188 6
3189 6
3190 6
3191 6
3192 6
3193 13
3194 6
3195 13
3196 6
3197 6
3198 6
3199 6
3200 6
3201 6
3202 13
3203 6
3204 6
3205 6
3206 6
3207 6
3208 6
3209 6
3210 6
3211 6
3212 6
3213 13
3214 6
3215 6
3216 6
3217 6
3218 6
3219 6
3220 13
3221 6
3222 6
3223 6
3224 6
3225 6
3226 13
3227 13
3228 13
3229 13
3230 6
3231 13
3232 13
3233 6
3234 13
3235 6
3236 6
3237 13
3238 13
3239 6
3240 6
3241 6
3242 6
3243 13
3244 6
3245 6
3246 6
3247 6
3248 6
3249 6
3250 13
3251 6
3252 6
3253 6
3254 6
3255 6
3256 6
3257 13
3258 6
3259 6
3260 6
3261 6
3262 6
3263 6
3264 6
3265 6
3266 6
3267 6
3268 6
3269 13
3270 6
3271 6
3272 6
3273 6
3274 6
3275 6
3276 6
3277 6
3278 6
3279 6
3280 6
3281 6
3282 6
3283 12
3284 13
3285 6
3286 13
3287 6
3288 6
3289 6
3290 0
3291 6
3292 6
3293 13
3294 13
3295 6
3296 6
3297 6
3298 6
3299 6
3300 13
3301 13
3302 6
3303 13
3304 13
3305 6
3306 6
3307 6
3308 6
3309 12
3310 6
3311 12
3312 6
3313 6
3314 12
3315 13
3316 6
3317 13
3318 12
3319 6
3320 6
3321 6
3322 6
3323 6
3324 13
3325 12
3326 6
3327 6
3328 6
3329 6
3330 6
3331 6
3332 6
3333 13
3334 6
3335 6
3336 6
3337 6
3338 6
3339 13
3340 6
3341 6
3342 6
3343 6
3344 6
3345 6
3346 6
3347 6
3348 13
3349 6
3350 6
3351 6
3352 6
3353 6
3354 6
3355 6
3356 6
3357 6
3358 6
3359 6
3360 6
3361 6
3362 13
3363 13
3364 13
3365 6
3366 6
3367 6
3368 6
3369 6
3370 6
3371 6
3372 6
3373 6
3374 6
3375 6
3376 6
3377 6
3378 6
3379 6
3380 6
3381 6
3382 12
3383 6
3384 13
3385 6
3386 6
3387 13
3388 13
3389 6
3390 13
3391 6
3392 13
3393 6
3394 13
3395 6
3396 6
3397 6
3398 6
3399 13
3400 13
3401 6
3402 6
3403 6
3404 6
3405 6
3406 6
3407 6
3408 6
3409 6
3410 6
3411 6
3412 6
3413 13
3414 13
3415 6
3416 6
3417 13
3418 6
3419 6
3420 6
3421 6
3422 6
3423 12
3424 6
3425 6
3426 13
3427 6
3428 13
3429 6
3430 13
3431 6
3432 6
3433 13
3434 6
3435 13
3436 13
3437 14
3438 14
3439 14
3440 14
3441 14
3442 14
3443 14
3444 14
3445 14
3446 14
3447 14
3448 14
3449 14
3450 14
3451 14
3452 14
3453 14
3454 14
3455 14
3456 14
3457 14
3458 14
3459 14
3460 14
3461 14
3462 14
3463 14
3464 14
3465 14
3466 14
3467 14
3468 14
3469 14
3470 14
3471 14
3472 14
3473 14
3474 14
3475 14
3476 14
3477 14
3478 14
3479 14
3480 14
3481 14
3482 14
3483 14
3484 14
3485 14
3486 14
3487 14
3488 14
3489 14
3490 14
3491 14
3492 14
3493 14
3494 14
3495 14
3496 14
3497 14
3498 14
3499 14
3500 14
3501 14
3502 14
3503 14
3504 14
3505 14
3506 14
3507 14
3508 14
3509 14
3510 14
3511 14
3512 14
3513 14
3514 14
3515 14
3516 14
3517 14
3518 14
3519 14
3520 14
3521 14
3522 14
3523 14
3524 14
3525 14
3526 14
3527 14
3528 14
3529 14
3530 14
3531 14
3532 14
3533 14
3534 14
3535 14
3536 14
3537 14
3538 14
3539 14
3540 14
3541 14
3542 14
3543 14
3544 14
3545 14
3546 14
3547 14
3548 14
3549 14
3550 14
3551 14
3552 14
3553 14
3554 14
3555 14
3556 14
3557 14
3558 14
3559 14
3560 14
3561 14
3562 14
3563 14
3564 14
3565 14
3566 14
3567 14
3568 14
3569 14
3570 14
3571 14
3572 14
3573 14
3574 14
3575 14
3576 14
3577 14
3578 14
3579 14
3580 14
3581 14
3582 14
3583 14
3584 14
3585 14
3586 14
3587 14
3588 14
3589 14
3590 14
3591 14
3592 14
3593 14
3594 14
3595 14
3596 14
3597 14
3598 14
3599 14
3600 14
3601 14
3602 14
3603 14
3604 14
3605 14
3606 14
3607 14
3608 14
3609 14
3610 14
3611 14
3612 14
3613 14
3614 14
3615 14
3616 14
3617 14
3618 14
3619 14
3620 14
3621 14
3622 14
3623 14
3624 14
3625 14
3626 14
3627 14
3628 14
3629 14
3630 14
3631 14
3632 14
3633 14
3634 14
3635 14
3636 14
3637 14
3638 14
3639 14
3640 14
3641 14
3642 14
3643 14
3644 14
3645 14
3646 14
3647 14
3648 14
3649 14
3650 14
3651 14
3652 14
3653 14
3654 14
3655 14
3656 14
3657 14
3658 14
3659 14
3660 14
3661 14
3662 14
3663 14
3664 14
3665 14
3666 14
3667 14
3668 14
3669 14
3670 14
3671 14
3672 14
3673 14
3674 14
3675 14
3676 14
3677 14
3678 14
3679 14
3680 14
3681 14
3682 14
3683 14
3684 14
3685 14
3686 14
3687 14
3688 14
3689 14
3690 14
3691 14
3692 14
3693 14
3694 14
3695 14
3696 14
3697 14
3698 14
3699 14
3700 14
3701 14
3702 14
3703 14
3704 14
3705 14
3706 14
3707 14
3708 14
3709 14
3710 14
3711 14
3712 14
3713 14
3714 14
3715 14
3716 14
3717 14
3718 14
3719 14
3720 14
3721 14
3722 14
3723 14
3724 14
3725 14
3726 14
3727 14
3728 14
3729 14
3730 14
3731 14
3732 14
3733 14
3734 14
3735 14
3736 14
3737 14
3738 14
3739 14
3740 14
3741 14
3742 14
3743 14
3744 14
3745 14
3746 14
3747 14
3748 14
3749 14
3750 14
3751 14
3752 14
3753 14
3754 14
3755 14
3756 14
3757 14
3758 14
3759 14
3760 14
3761 14
3762 14
3763 14
3764 14
3765 14
3766 14
3767 14
3768 14
3769 14
3770 14
3771 14
3772 14
3773 14
3774 14
3775 14
3776 14
3777 14
3778 14
3779 14
3780 14
3781 14
3782 14
3783 14
3784 14
3785 14
3786 14
3787 14
3788 14
3789 14
3790 14
3791 14
3792 14
3793 14
3794 14
3795 14
3796 14
3797 14
3798 14
3799 14
3800 14
3801 14
3802 14
3803 14
3804 14
3805 14
3806 14
3807 14
3808 14
3809 14
3810 14
3811 14
3812 14
3813 14
3814 14
3815 14
3816 14
3817 14
3818 14
3819 14
3820 14
3821 14
3822 14
3823 14
3824 14
3825 14
3826 14
3827 14
3828 14
3829 14
3830 14
3831 14
3832 14
3833 14
3834 14
3835 14
3836 14
3837 14
3838 14
3839 14
3840 14
3841 14
3842 14
3843 14
3844 14
3845 14
3846 14
3847 14
3848 14
3849 14
3850 14
3851 14
3852 14
3853 14
3854 14
3855 14
3856 14
3857 14
3858 14
3859 14
3860 14
3861 14
3862 14
3863 14
3864 14
3865 14
3866 14
3867 14
3868 14
3869 14
3870 14
3871 14
3872 14
3873 14
3874 14
3875 14
3876 14
3877 14
3878 14
3879 14
3880 14
3881 14
3882 14
3883 14
3884 14
3885 14
3886 14
3887 14
3888 14
3889 14
3890 14
3891 14
3892 14
3893 14
3894 14
3895 14
3896 14
3897 14
3898 14
3899 14
3900 14
3901 14
3902 14
3903 14
3904 14
3905 14
3906 14
3907 14
3908 14
3909 14
3910 14
3911 14
3912 14
3913 14
3914 14
3915 14
3916 14
3917 14
3918 14
3919 14
3920 14
3921 14
3922 14
3923 14
3924 14
3925 14
3926 14
3927 14
3928 14
3929 14
3930 14
3931 14
3932 14
3933 14
3934 14
3935 14
3936 14
3937 14
3938 14
3939 14
3940 14
3941 14
3942 14
3943 14
3944 14
3945 14
3946 14
3947 14
3948 14
3949 14
3950 14
3951 14
3952 14
3953 14
3954 14
3955 14
3956 14
3957 14
3958 14
3959 14
3960 14
3961 14
3962 14
3963 14
3964 14
3965 14
3966 14
3967 14
3968 14
3969 14
3970 14
3971 14
3972 14
3973 14
3974 14
3975 14
3976 14
3977 14
3978 14
3979 14
3980 15
3981 15
3982 15
3983 15
3984 15
3985 15
3986 15
3987 15
3988 15
3989 15
3990 15
3991 15
3992 15
3993 15
3994 15
3995 15
3996 15
3997 15
3998 15
3999 15
4000 15
4001 15
4002 15
4003 15
4004 15
4005 15
4006 15
4007 15
4008 15
4009 15
4010 15
4011 15
4012 15
4013 15
4014 15
4015 15
4016 15
4017 15
4018 15
4019 15
4020 15
4021 15
4022 15
4023 15
4024 15
4025 15
4026 15
4027 15
4028 15
4029 15
4030 15
4031 15
4032 15
4033 15
4034 15
4035 15
4036 15
4037 15
4038 15
