0 2
1 3
2 22
3 25
4 2
5 5
6 2
7 2
8 2
9 2
10 18
11 18
12 11
13 3
14 2
15 21
16 22
17 14
18 8
19 2
20 22
21 20
22 20
23 20
24 25
25 24
26 9
27 25
28 25
29 23
30 9
31 2
32 2
33 2
34 2
35 2
36 2
37 9
38 2
39 1
40 11
41 18
42 11
43 11
44 13
45 11
46 9
47 11
48 11
49 11
50 22
51 22
52 2
53 10
54 9
55 8
56 22
57 2
58 9
59 22
60 20
61 7
62 4
63 9
64 20
65 10
66 24
67 2
68 20
69 12
70 13
71 2
72 2
73 9
74 9
75 2
76 11
77 14
78 23
79 3
80 14
81 17
82 14
83 9
84 2
85 14
86 14
87 18
88 14
89 9
90 9
91 9
92 9
93 9
94 9
95 9
96 6
97 25
98 0
99 24
100 1
101 24
102 18
103 24
104 24
105 24
106 9
107 2
108 2
109 5
110 18
111 20
112 20
113 20
114 8
115 2
116 20
117 2
118 2
119 2
120 11
121 2
122 1
123 9
124 2
125 2
126 2
127 9
128 9
129 9
130 9
131 9
132 9
133 9
134 5
135 9
136 2
137 14
138 9
139 24
140 9
141 9
142 18
143 18
144 18
145 9
146 9
147 9
148 9
149 2
150 3
151 17
152 22
153 3
154 15
155 2
156 1
157 4
158 9
159 2
160 1
161 1
162 1
163 1
164 1
165 9
166 9
167 9
168 9
169 9
170 9
171 9
172 9
173 9
174 9
175 9
176 4
177 4
178 4
179 4
180 9
181 4
182 2
183 9
184 20
185 9
186 19
187 9
188 9
189 9
190 9
191 9
192 9
193 9
194 2
195 7
196 9
197 3
198 9
199 10
200 2
201 20
202 10
203 2
204 20
205 10
206 4
207 22
208 11
209 11
210 11
211 11
212 11
213 9
214 11
215 11
216 2
217 8
218 12
219 9
220 9
221 3
222 7
223 9
224 17
225 2
226 3
227 9
228 9
229 2
230 11
231 12
232 6
233 20
234 11
235 14
236 11
237 14
238 9
239 18
240 9
241 2
242 17
243 14
244 2
245 22
246 20
247 18
248 18
249 4
250 9
251 9
252 22
253 9
254 11
255 14
256 11
257 3
258 4
259 9
260 9
261 9
262 9
263 9
264 9
265 9
266 9
267 9
268 11
269 11
270 16
271 9
272 9
273 20
274 4
275 19
276 2
277 19
278 7
279 9
280 7
281 1
282 20
283 9
284 9
285 9
286 2
287 2
288 4
289 13
290 2
291 11
292 2
293 2
294 14
295 18
296 2
297 14
298 14
299 20
300 18
301 22
302 20
303 16
304 9
305 18
306 11
307 10
308 6
309 22
310 4
311 2
312 14
313 24
314 17
315 13
316 15
317 0
318 9
319 2
320 24
321 22
322 2
323 23
324 2
325 24
326 24
327 2
328 5
329 18
330 2
331 6
332 2
333 6
334 6
335 9
336 6
337 6
338 6
339 24
340 2
341 6
342 17
343 9
344 9
345 9
346 9
347 9
348 9
349 9
350 2
351 2
352 2
353 20
354 9
355 4
356 20
357 20
358 17
359 20
360 1
361 20
362 20
363 20
364 17
365 20
366 20
367 4
368 2
369 14
370 13
371 7
372 6
373 2
374 2
375 9
376 14
377 18
378 1
379 2
380 2
381 2
382 2
383 3
384 22
385 5
386 2
387 13
388 15
389 5
390 13
391 23
392 2
393 5
394 13
395 15
396 10
397 2
398 2
399 12
400 6
401 2
402 2
403 2
404 2
405 9
406 9
407 9
408 9
409 25
410 9
411 11
412 9
413 17
414 9
415 1
416 13
417 1
418 1
419 18
420 2
421 20
422 15
423 3
424 2
425 2
426 1
427 1
428 17
429 9
430 20
431 13
432 2
433 2
434 9
435 8
436 2
437 18
438 20
439 24
440 0
441 11
442 12
443 18
444 11
445 11
446 22
447 9
448 9
449 2
450 6
451 18
452 9
453 9
454 10
455 2
456 15
457 8
458 2
459 9
460 5
461 9
462 9
463 9
464 20
465 23
466 20
467 17
468 3
469 18
470 2
471 2
472 16
473 9
474 4
475 9
476 6
477 2
478 2
479 2
480 2
481 20
482 24
483 15
484 8
485 2
486 9
487 9
488 13
489 3
490 23
491 23
492 23
493 9
494 4
495 9
496 9
497 2
498 25
499 11
500 14
501 14
502 4
503 2
504 24
505 9
506 9
507 9
508 2
509 22
510 25
511 3
512 2
513 1
514 18
515 18
516 18
517 18
518 4
519 22
520 19
521 2
522 18
523 7
524 9
525 9
526 9
527 4
528 2
529 9
530 7
531 22
532 7
533 17
534 21
535 15
536 2
537 2
538 9
539 20
540 9
541 3
542 10
543 11
544 3
545 23
546 3
547 2
548 7
549 3
550 3
551 19
552 3
553 3
554 3
555 3
556 13
557 4
558 4
559 4
560 21
561 2
562 13
563 13
564 4
565 9
566 9
567 9
568 9
569 9
570 2
571 17
572 4
573 1
574 2
575 7
576 9
577 2
578 13
579 1
580 2
581 15
582 2
583 3
584 8
585 11
586 13
587 15
588 7
589 4
590 9
591 9
592 6
593 3
594 8
595 9
596 9
597 25
598 22
599 2
600 9
601 9
602 9
603 3
604 4
605 8
606 8
607 9
608 9
609 2
610 9
611 2
612 16
613 9
614 9
615 9
616 24
617 9
618 7
619 24
620 3
621 9
622 22
623 23
624 22
625 15
626 20
627 2
628 9
629 21
630 9
631 3
632 9
633 9
634 9
635 20
636 9
637 2
638 2
639 9
640 2
641 4
642 4
643 4
644 4
645 4
646 2
647 9
648 9
649 9
650 22
651 9
652 15
653 23
654 0
655 4
656 4
657 18
658 16
659 4
660 22
661 17
662 4
663 6
664 0
665 20
666 9
667 20
668 2
669 17
670 4
671 2
672 3
673 22
674 9
675 9
676 14
677 9
678 2
679 9
680 13
681 14
682 9
683 21
684 13
685 22
686 9
687 2
688 4
689 13
690 18
691 11
692 9
693 9
694 9
695 9
696 9
697 9
698 9
699 9
700 2
701 18
702 2
703 7
704 10
705 18
706 1
707 7
708 18
709 9
710 12
711 8
712 1
713 4
714 1
715 9
716 4
717 9
718 19
719 16
720 9
721 2
722 9
723 14
724 2
725 2
726 4
727 15
728 4
729 16
730 2
731 18
732 2
733 2
734 11
735 9
736 2
737 20
738 2
739 11
740 16
741 20
742 2
743 2
744 13
745 3
746 16
747 22
748 20
749 21
750 2
751 22
752 22
753 2
754 6
755 4
756 4
757 13
758 18
759 2
760 18
761 9
762 9
763 9
764 9
765 9
766 9
767 9
768 2
769 12
770 12
771 12
772 7
773 12
774 9
775 8
776 9
777 9
778 9
779 4
780 9
781 2
782 9
783 17
784 3
785 9
786 11
787 18
788 24
789 2
790 9
791 9
792 5
793 9
794 9
795 9
796 2
797 2
798 2
799 11
800 2
801 2
802 2
803 25
804 18
805 11
806 11
807 3
808 14
809 11
810 18
811 1
812 14
813 14
814 14
815 22
816 1
817 14
818 14
819 2
820 9
821 6
822 2
823 9
824 2
825 8
826 9
827 9
828 16
829 1
830 13
831 12
832 9
833 18
834 2
835 9
836 11
837 9
838 11
839 5
840 4
841 11
842 11
843 9
844 18
845 9
846 9
847 9
848 15
849 4
850 17
851 9
852 19
853 2
854 20
855 9
856 2
857 25
858 8
859 9
860 18
861 18
862 18
863 9
864 9
865 20
866 22
867 9
868 23
869 2
870 3
871 18
872 25
873 25
874 2
875 25
876 6
877 25
878 16
879 25
880 25
881 25
882 6
883 18
884 25
885 12
886 3
887 4
888 9
889 9
890 4
891 3
892 24
893 9
894 22
895 18
896 22
897 9
898 21
899 11
900 14
901 9
902 11
903 11
904 2
905 11
906 21
907 11
908 11
909 7
910 24
911 18
912 2
913 9
914 18
915 18
916 18
917 20
918 11
919 11
920 9
921 11
922 17
923 11
924 14
925 9
926 16
927 14
928 2
929 14
930 14
931 21
932 18
933 9
934 17
935 8
936 20
937 22
938 13
939 15
940 9
941 9
942 4
943 18
944 9
945 9
946 9
947 18
948 9
949 9
950 13
951 9
952 24
953 2
954 22
955 9
956 9
957 2
958 13
959 9
960 9
961 5
962 9
963 11
964 6
965 11
966 9
967 2
968 2
969 11
970 19
971 22
972 16
973 14
974 11
975 8
976 2
977 9
978 20
979 9
980 16
981 11
982 9
983 9
984 9
985 9
986 17
987 9
988 9
989 9
990 2
991 20
992 9
993 25
994 20
995 20
996 0
997 15
998 19
999 19
1000 12
1001 2
1002 19
1003 6
1004 18
1005 11
1006 19
1007 4
1008 2
1009 11
1010 19
1011 20
1012 23
1013 9
1014 2
1015 23
1016 9
1017 9
1018 18
1019 13
1020 2
1021 11
1022 21
1023 2
1024 9
1025 2
1026 2
1027 2
1028 9
1029 12
1030 3
1031 9
1032 4
1033 11
1034 2
1035 7
1036 7
1037 5
1038 7
1039 2
1040 7
1041 15
1042 9
1043 7
1044 16
1045 16
1046 16
1047 1
1048 8
1049 16
1050 2
1051 16
1052 15
1053 9
1054 9
1055 9
1056 9
1057 9
1058 9
1059 5
1060 15
1061 2
1062 2
1063 16
1064 2
1065 2
1066 13
1067 18
1068 13
1069 13
1070 2
1071 2
1072 9
1073 1
1074 8
1075 2
1076 2
1077 2
1078 4
1079 23
1080 13
1081 2
1082 2
1083 2
1084 2
1085 18
1086 4
1087 2
1088 2
1089 2
1090 2
1091 2
1092 13
1093 18
1094 18
1095 16
1096 18
1097 18
1098 18
1099 18
1100 18
1101 22
1102 1
1103 18
1104 18
1105 6
1106 18
1107 2
1108 6
1109 9
1110 18
1111 9
1112 2
1113 4
1114 11
1115 22
1116 2
1117 9
1118 11
1119 15
1120 17
1121 11
1122 19
1123 10
1124 17
1125 17
1126 17
1127 6
1128 9
1129 6
1130 22
1131 17
1132 4
1133 2
1134 19
1135 8
1136 17
1137 20
1138 11
1139 17
1140 22
1141 14
1142 24
1143 6
1144 19
1145 15
1146 2
1147 15
1148 9
1149 0
1150 18
1151 0
1152 15
1153 9
1154 9
1155 1
1156 0
1157 13
1158 14
1159 16
1160 3
1161 13
1162 13
1163 13
1164 9
1165 4
1166 12
1167 7
1168 9
1169 9
1170 9
1171 9
1172 9
1173 9
1174 4
1175 18
1176 2
1177 2
1178 2
1179 22
1180 24
1181 5
1182 2
1183 2
1184 9
1185 4
1186 9
1187 6
1188 6
1189 6
1190 9
1191 6
1192 18
1193 6
1194 9
1195 4
1196 24
1197 9
1198 9
1199 9
1200 20
1201 15
1202 8
1203 2
1204 9
1205 6
1206 9
1207 7
1208 9
1209 9
1210 9
1211 17
1212 2
1213 6
1214 13
1215 1
1216 24
1217 13
1218 2
1219 2
1220 9
1221 19
1222 9
1223 9
1224 2
1225 2
1226 11
1227 21
1228 15
1229 9
1230 2
1231 9
1232 3
1233 9
1234 2
1235 22
1236 17
1237 9
1238 9
1239 10
1240 22
1241 3
1242 2
1243 9
1244 8
1245 19
1246 4
1247 2
1248 2
1249 19
1250 9
1251 9
1252 16
1253 9
1254 3
1255 9
1256 13
1257 2
1258 4
1259 9
1260 2
1261 2
1262 2
1263 2
1264 0
1265 2
1266 2
1267 13
1268 12
1269 12
1270 12
1271 12
1272 8
1273 12
1274 2
1275 2
1276 18
1277 18
1278 18
1279 18
1280 4
1281 4
1282 21
1283 24
1284 4
1285 24
1286 4
1287 4
1288 7
1289 18
1290 5
1291 6
1292 6
1293 1
1294 24
1295 1
1296 1
1297 1
1298 1
1299 9
1300 13
1301 9
1302 18
1303 3
1304 2
1305 4
1306 2
1307 20
1308 20
1309 0
1310 2
1311 14
1312 2
1313 14
1314 17
1315 17
1316 9
1317 1
1318 18
1319 2
1320 12
1321 2
1322 9
1323 2
1324 21
1325 2
1326 16
1327 2
1328 2
1329 2
1330 2
1331 2
1332 13
1333 9
1334 12
1335 13
1336 0
1337 13
1338 13
1339 13
1340 7
1341 18
1342 2
1343 13
1344 22
1345 7
1346 13
1347 3
1348 14
1349 13
1350 6
1351 10
1352 2
1353 9
1354 18
1355 2
1356 21
1357 9
1358 9
1359 9
1360 9
1361 18
1362 9
1363 2
1364 4
1365 1
1366 9
1367 2
1368 2
1369 9
1370 24
1371 9
1372 24
1373 9
1374 13
1375 18
1376 25
1377 18
1378 24
1379 2
1380 18
1381 9
1382 22
1383 9
1384 6
1385 13
1386 0
1387 18
1388 11
1389 2
1390 9
1391 4
1392 7
1393 3
1394 9
1395 15
1396 5
1397 17
1398 2
1399 3
1400 9
1401 17
1402 17
1403 17
1404 23
1405 15
1406 4
1407 3
1408 3
1409 9
1410 3
1411 18
1412 8
1413 3
1414 9
1415 2
1416 2
1417 22
1418 11
1419 3
1420 20
1421 20
1422 20
1423 18
1424 2
1425 20
1426 20
1427 2
1428 2
1429 5
1430 9
1431 2
1432 11
1433 24
1434 1
1435 1
1436 1
1437 1
1438 1
1439 15
1440 1
1441 6
1442 17
1443 22
1444 14
1445 17
1446 25
1447 17
1448 23
1449 1
1450 1
1451 22
1452 1
1453 11
1454 5
1455 21
1456 9
1457 4
1458 3
1459 20
1460 22
1461 9
1462 2
1463 19
1464 23
1465 11
1466 5
1467 13
1468 9
1469 10
1470 20
1471 20
1472 3
1473 2
1474 20
1475 2
1476 20
1477 20
1478 20
1479 20
1480 2
1481 2
1482 24
1483 24
1484 13
1485 24
1486 16
1487 11
1488 15
1489 5
1490 11
1491 2
1492 11
1493 2
1494 9
1495 9
1496 11
1497 22
1498 22
1499 22
1500 17
1501 4
1502 2
1503 9
1504 9
1505 9
1506 9
1507 9
1508 2
1509 3
1510 9
1511 9
1512 13
1513 9
1514 2
1515 2
1516 2
1517 2
1518 2
1519 2
1520 3
1521 20
1522 2
1523 20
1524 20
1525 9
1526 23
1527 2
1528 9
1529 9
1530 9
1531 4
1532 14
1533 9
1534 9
1535 9
1536 9
1537 9
1538 9
1539 4
1540 2
1541 8
1542 4
1543 4
1544 3
1545 9
1546 8
1547 13
1548 3
1549 3
1550 9
1551 9
1552 9
1553 9
1554 6
1555 15
1556 18
1557 13
1558 17
1559 17
1560 17
1561 25
1562 2
1563 6
1564 9
1565 2
1566 6
1567 6
1568 2
1569 5
1570 2
1571 2
1572 9
1573 8
1574 20
1575 8
1576 8
1577 8
1578 8
1579 16
1580 15
1581 16
1582 23
1583 15
1584 25
1585 9
1586 9
1587 9
1588 12
1589 15
1590 21
1591 24
1592 19
1593 0
1594 3
1595 14
1596 18
1597 9
1598 2
1599 9
1600 9
1601 9
1602 1
1603 9
1604 22
1605 16
1606 13
1607 25
1608 9
1609 25
1610 18
1611 25
1612 8
1613 13
1614 9
1615 9
1616 19
1617 9
1618 9
1619 9
1620 2
1621 18
1622 9
1623 9
1624 3
1625 18
1626 2
1627 13
1628 2
1629 9
1630 6
1631 18
1632 2
1633 11
1634 2
1635 2
1636 2
1637 19
1638 5
1639 7
1640 20
1641 25
1642 9
1643 9
1644 22
1645 18
1646 5
1647 2
1648 4
1649 18
1650 18
1651 18
1652 9
1653 22
1654 2
1655 16
1656 22
1657 2
1658 22
1659 22
1660 22
1661 11
1662 22
1663 9
1664 9
1665 9
1666 18
1667 8
1668 22
1669 3
1670 21
1671 4
1672 4
1673 22
1674 22
1675 22
1676 22
1677 22
1678 20
1679 22
1680 12
1681 21
1682 19
1683 17
1684 17
1685 17
1686 2
1687 22
1688 15
1689 15
1690 2
1691 1
1692 3
1693 15
1694 13
1695 15
1696 2
1697 17
1698 2
1699 2
1700 21
1701 2
1702 23
1703 20
1704 2
1705 14
1706 18
1707 23
1708 8
1709 2
1710 2
1711 15
1712 2
1713 2
1714 2
1715 1
1716 12
1717 14
1718 2
1719 2
1720 2
1721 2
1722 2
1723 9
1724 3
1725 3
1726 3
1727 3
1728 6
1729 2
1730 5
1731 11
1732 11
1733 3
1734 3
1735 11
1736 3
1737 13
1738 21
1739 11
1740 3
1741 13
1742 9
1743 10
1744 4
1745 1
1746 2
1747 18
1748 4
1749 13
1750 13
1751 6
1752 2
1753 13
1754 13
1755 9
1756 23
1757 13
1758 13
1759 18
1760 18
1761 9
1762 9
1763 2
1764 9
1765 9
1766 15
1767 12
1768 21
1769 18
1770 1
1771 15
1772 11
1773 2
1774 9
1775 4
1776 10
1777 17
1778 6
1779 17
1780 24
1781 12
1782 24
1783 21
1784 24
1785 9
1786 2
1787 22
1788 21
1789 22
1790 8
1791 2
1792 2
1793 16
1794 2
1795 4
1796 2
1797 2
1798 18
1799 7
1800 7
1801 17
1802 2
1803 7
1804 7
1805 7
1806 19
1807 2
1808 2
1809 2
1810 2
1811 2
1812 15
1813 4
1814 22
1815 15
1816 3
1817 22
1818 2
1819 25
1820 2
1821 2
1822 2
1823 9
1824 0
1825 7
1826 18
1827 2
1828 8
1829 9
1830 18
1831 9
1832 4
1833 20
1834 2
1835 9
1836 3
1837 20
1838 9
1839 13
1840 2
1841 9
1842 9
1843 7
1844 2
1845 9
1846 18
1847 20
1848 9
1849 20
1850 9
1851 2
1852 4
1853 1
1854 9
1855 19
1856 19
1857 3
1858 13
1859 18
1860 13
1861 9
1862 25
1863 2
1864 25
1865 25
1866 13
1867 9
1868 2
1869 3
1870 3
1871 11
1872 2
1873 6
1874 6
1875 6
1876 6
1877 6
1878 6
1879 12
1880 6
1881 1
1882 6
1883 6
1884 2
1885 9
1886 9
1887 9
1888 2
1889 2
1890 2
1891 2
1892 19
1893 2
1894 18
1895 8
1896 8
1897 2
1898 3
1899 18
1900 16
1901 8
1902 15
1903 9
1904 9
1905 9
1906 9
1907 9
1908 9
1909 18
1910 18
1911 18
1912 11
1913 14
1914 2
1915 14
1916 21
1917 3
1918 3
1919 20
1920 3
1921 11
1922 2
1923 19
1924 20
1925 13
1926 9
1927 4
1928 9
1929 2
1930 19
1931 20
1932 14
1933 5
1934 8
1935 2
1936 9
1937 2
1938 4
1939 2
1940 2
1941 1
1942 3
1943 9
1944 9
1945 9
1946 9
1947 9
1948 11
1949 9
1950 2
1951 2
1952 2
1953 2
1954 22
1955 24
1956 2
1957 2
1958 9
1959 9
1960 17
1961 17
1962 2
1963 24
1964 4
1965 8
1966 2
1967 9
1968 2
1969 2
1970 4
1971 9
1972 21
1973 10
1974 2
1975 9
1976 20
1977 4
1978 20
1979 22
1980 22
1981 2
1982 22
1983 22
1984 9
1985 2
1986 11
1987 11
1988 11
1989 22
1990 0
1991 0
1992 0
1993 16
1994 0
1995 8
1996 23
1997 18
1998 18
1999 18
2000 18
2001 16
2002 9
2003 22
2004 22
2005 5
2006 18
2007 1
2008 9
2009 10
2010 9
2011 2
2012 9
2013 9
2014 4
2015 17
2016 8
2017 2
2018 2
2019 8
2020 13
2021 2
2022 2
2023 2
2024 0
2025 2
2026 2
2027 2
2028 15
2029 2
2030 22
2031 22
2032 22
2033 20
2034 22
2035 18
2036 22
2037 4
2038 9
2039 7
2040 2
2041 21
2042 23
2043 9
2044 0
2045 2
2046 9
2047 9
2048 9
2049 17
2050 22
2051 23
2052 18
2053 21
2054 1
2055 21
2056 9
2057 16
2058 21
2059 21
2060 8
2061 13
2062 13
2063 13
2064 2
2065 3
2066 13
2067 20
2068 13
2069 2
2070 2
2071 2
2072 6
2073 1
2074 2
2075 2
2076 3
2077 18
2078 9
2079 4
2080 2
2081 4
2082 2
2083 4
2084 2
2085 2
2086 22
2087 22
2088 22
2089 22
2090 18
2091 22
2092 4
2093 5
2094 4
2095 22
2096 9
2097 9
2098 9
2099 9
2100 22
2101 17
2102 22
2103 8
2104 9
2105 9
2106 11
2107 9
2108 11
2109 11
2110 11
2111 13
2112 3
2113 22
2114 9
2115 9
2116 9
2117 5
2118 22
2119 22
2120 0
2121 18
2122 9
2123 9
2124 9
2125 21
2126 9
2127 2
2128 2
2129 7
2130 2
2131 9
2132 24
2133 2
2134 7
2135 23
2136 7
2137 10
2138 15
2139 10
2140 22
2141 18
2142 25
2143 9
2144 18
2145 20
2146 22
2147 1
2148 1
2149 2
2150 1
2151 9
2152 3
2153 8
2154 2
2155 3
2156 18
2157 24
2158 18
2159 13
2160 18
2161 18
2162 4
2163 3
2164 4
2165 4
2166 9
2167 11
2168 18
2169 2
2170 19
2171 9
2172 1
2173 2
2174 1
2175 25
2176 14
2177 15
2178 13
2179 4
2180 9
2181 2
2182 11
2183 2
2184 4
2185 16
2186 9
2187 16
2188 2
2189 2
2190 13
2191 2
2192 9
2193 13
2194 19
2195 9
2196 9
2197 9
2198 9
2199 14
2200 8
2201 14
2202 14
2203 14
2204 2
2205 14
2206 21
2207 4
2208 4
2209 15
2210 15
2211 2
2212 18
2213 15
2214 16
2215 16
2216 16
2217 16
2218 2
2219 16
2220 2
2221 2
2222 4
2223 11
2224 2
2225 16
2226 2
2227 20
2228 16
2229 4
2230 19
2231 9
2232 13
2233 13
2234 9
2235 13
2236 2
2237 2
2238 0
2239 11
2240 4
2241 4
2242 22
2243 20
2244 20
2245 6
2246 20
2247 9
2248 20
2249 11
2250 2
2251 19
2252 22
2253 2
2254 20
2255 21
2256 2
2257 21
2258 2
2259 16
2260 9
2261 6
2262 18
2263 15
2264 18
2265 9
2266 9
2267 4
2268 2
2269 15
2270 20
2271 2
2272 11
2273 2
2274 2
2275 9
2276 2
2277 3
2278 2
2279 18
2280 9
2281 9
2282 2
2283 24
2284 9
2285 2
2286 4
2287 9
2288 12
2289 16
2290 2
2291 2
2292 9
2293 9
2294 9
2295 9
2296 9
2297 9
2298 24
2299 9
2300 10
2301 2
2302 24
2303 24
2304 1
2305 24
2306 9
2307 9
2308 17
2309 9
2310 16
2311 13
2312 19
2313 2
2314 2
2315 2
2316 2
2317 9
2318 2
2319 2
2320 2
2321 2
2322 9
2323 4
2324 3
2325 5
2326 2
2327 9
2328 5
2329 5
2330 5
2331 6
2332 12
2333 18
2334 9
2335 6
2336 4
2337 20
2338 18
2339 9
2340 2
2341 3
2342 9
2343 13
2344 2
2345 18
2346 1
2347 4
2348 4
2349 2
2350 1
2351 1
2352 9
2353 9
2354 9
2355 25
2356 9
2357 2
2358 2
2359 9
2360 2
2361 9
2362 20
2363 2
2364 9
2365 9
2366 9
2367 13
2368 9
2369 9
2370 13
2371 9
2372 9
2373 9
2374 9
2375 6
2376 15
2377 6
2378 2
2379 18
2380 9
2381 12
2382 9
2383 2
2384 12
2385 9
2386 12
2387 12
2388 9
2389 9
2390 22
2391 9
2392 4
2393 15
2394 13
2395 22
2396 2
2397 5
2398 22
2399 5
2400 18
2401 5
2402 9
2403 11
2404 15
2405 11
2406 11
2407 7
2408 9
2409 2
2410 13
2411 8
2412 9
2413 9
2414 11
2415 18
2416 2
2417 18
2418 11
2419 11
2420 4
2421 18
2422 18
2423 4
2424 15
2425 9
2426 4
2427 6
2428 3
2429 11
2430 5
2431 25
2432 9
2433 11
2434 11
2435 8
2436 11
2437 2
2438 22
2439 9
2440 9
2441 24
2442 20
2443 9
2444 6
2445 17
2446 17
2447 19
2448 17
2449 9
2450 1
2451 2
2452 13
2453 14
2454 18
2455 11
2456 22
2457 6
2458 4
2459 9
2460 2
2461 11
2462 2
2463 9
2464 4
2465 4
2466 22
2467 4
2468 1
2469 11
2470 4
2471 2
2472 2
2473 22
2474 22
2475 2
2476 14
2477 20
2478 2
2479 6
2480 8
2481 8
2482 10
2483 24
2484 9
2485 9
2486 13
2487 9
2488 25
2489 14
2490 22
2491 2
2492 2
2493 2
2494 2
2495 18
2496 15
2497 14
2498 11
2499 11
2500 15
2501 11
2502 2
2503 11
2504 3
2505 15
2506 2
2507 18
2508 2
2509 20
2510 1
2511 18
2512 20
2513 12
2514 20
2515 2
2516 2
2517 2
2518 9
2519 9
2520 6
2521 9
2522 18
2523 2
2524 22
2525 22
2526 6
2527 2
2528 9
2529 22
2530 3
2531 22
2532 14
2533 3
2534 3
2535 9
2536 3
2537 9
2538 18
2539 18
2540 20
2541 2
2542 1
2543 23
2544 23
2545 6
2546 19
2547 6
2548 14
2549 6
2550 2
2551 2
2552 15
2553 4
2554 9
2555 6
2556 14
2557 18
2558 3
2559 3
2560 4
2561 22
2562 3
2563 3
2564 4
2565 4
2566 4
2567 4
2568 22
2569 24
2570 2
2571 2
2572 10
2573 24
2574 24
2575 24
2576 24
2577 22
2578 22
2579 2
2580 9
2581 22
2582 22
2583 11
2584 4
2585 12
2586 11
2587 2
2588 2
2589 13
2590 2
2591 21
2592 6
2593 2
2594 19
2595 9
2596 21
2597 21
2598 21
2599 18
2600 21
2601 21
2602 20
2603 18
2604 18
2605 24
2606 18
2607 2
2608 15
2609 17
2610 17
2611 17
2612 17
2613 17
2614 15
2615 11
2616 11
2617 6
2618 9
2619 2
2620 2
2621 2
2622 2
2623 2
2624 2
2625 4
2626 14
2627 14
2628 9
2629 14
2630 10
2631 2
2632 2
2633 22
2634 18
2635 0
2636 2
2637 9
2638 22
2639 14
2640 11
2641 9
2642 18
2643 0
2644 2
2645 18
2646 2
2647 9
2648 18
2649 9
2650 9
2651 20
2652 21
2653 3
2654 21
2655 21
2656 21
2657 21
2658 2
2659 2
2660 2
2661 2
2662 18
2663 9
2664 12
2665 24
2666 11
2667 17
2668 1
2669 13
2670 4
2671 13
2672 2
2673 13
2674 2
2675 18
2676 13
2677 20
2678 8
2679 8
2680 8
2681 8
2682 1
2683 9
2684 2
2685 23
2686 1
2687 6
2688 24
2689 24
2690 11
2691 8
2692 9
2693 2
2694 14
2695 24
2696 24
2697 17
2698 18
2699 2
2700 20
2701 6
2702 22
2703 22
2704 2
2705 12
2706 9
2707 11
2708 9
2709 2
2710 9
2711 13
2712 13
2713 13
2714 9
2715 9
2716 9
2717 2
2718 16
2719 9
2720 9
2721 2
2722 5
2723 5
2724 5
2725 2
2726 5
2727 2
2728 2
2729 2
2730 12
2731 22
2732 15
2733 22
2734 22
2735 22
2736 2
2737 22
2738 2
2739 9
2740 13
2741 9
2742 9
2743 11
2744 9
2745 16
2746 9
2747 8
2748 9
2749 9
2750 13
2751 3
2752 9
2753 2
2754 9
2755 9
2756 20
2757 9
2758 9
2759 9
2760 18
2761 16
2762 16
2763 9
2764 2
2765 2
2766 9
2767 9
2768 9
2769 2
2770 20
2771 9
2772 2
2773 3
2774 2
2775 2
2776 4
2777 2
2778 19
2779 22
2780 12
2781 20
2782 20
2783 16
2784 25
2785 20
2786 6
2787 3
2788 4
2789 19
2790 18
2791 1
2792 9
2793 2
2794 23
2795 23
2796 2
2797 14
2798 13
2799 5
2800 13
2801 13
2802 6
2803 16
2804 2
2805 2
2806 14
2807 2
2808 9
2809 9
2810 3
2811 2
2812 4
2813 11
2814 11
2815 19
2816 10
2817 11
2818 11
2819 1
2820 20
2821 3
2822 3
2823 22
2824 21
2825 16
2826 1
2827 9
2828 2
2829 18
2830 2
2831 19
2832 2
2833 9
2834 15
2835 6
2836 14
2837 15
2838 15
2839 15
2840 2
2841 13
2842 13
2843 2
2844 14
2845 9
2846 2
2847 9
2848 7
2849 18
2850 12
2851 23
2852 24
2853 2
2854 5
2855 9
2856 4
2857 2
2858 19
2859 9
2860 9
2861 13
2862 9
2863 4
2864 4
2865 9
2866 2
2867 2
2868 9
2869 9
2870 2
2871 9
2872 15
2873 2
2874 2
2875 2
2876 16
2877 2
2878 2
2879 2
2880 18
2881 22
2882 2
2883 9
2884 18
2885 18
2886 9
2887 22
2888 18
2889 2
2890 2
2891 16
2892 2
2893 9
2894 18
2895 6
2896 11
2897 1
2898 2
2899 23
2900 11
2901 9
2902 13
2903 24
2904 2
2905 9
2906 17
2907 19
2908 13
2909 13
2910 2
2911 2
2912 2
2913 2
2914 4
2915 2
2916 4
2917 20
2918 4
2919 4
2920 4
2921 18
2922 13
2923 13
2924 13
2925 13
2926 9
2927 18
2928 2
2929 22
2930 18
2931 2
2932 22
2933 5
2934 18
2935 18
2936 4
2937 2
2938 1
2939 1
2940 9
2941 0
2942 13
2943 18
2944 14
2945 18
2946 2
2947 6
2948 6
2949 19
2950 5
2951 6
2952 2
2953 2
2954 2
2955 18
2956 2
2957 2
2958 0
2959 2
2960 4
2961 2
2962 6
2963 4
2964 2
2965 4
2966 22
2967 19
2968 2
2969 15
2970 4
2971 22
2972 22
2973 13
2974 9
2975 9
2976 6
2977 2
2978 4
2979 9
2980 2
2981 24
2982 19
2983 19
2984 19
2985 21
2986 21
2987 11
2988 11
2989 2
2990 17
2991 9
2992 9
2993 1
2994 20
2995 10
2996 9
2997 10
2998 10
2999 22
3000 2
3001 6
3002 2
3003 3
3004 9
3005 2
3006 9
3007 2
3008 8
3009 9
3010 14
3011 9
3012 2
3013 17
3014 22
3015 22
3016 15
3017 6
3018 13
3019 14
3020 9
3021 2
3022 6
3023 6
3024 3
3025 14
3026 14
3027 24
3028 14
3029 17
3030 14
3031 14
3032 19
3033 9
3034 9
3035 9
3036 9
3037 21
3038 2
3039 9
3040 9
3041 3
3042 13
3043 13
3044 13
3045 18
3046 9
3047 2
3048 12
3049 14
3050 11
3051 25
3052 2
3053 0
3054 6
3055 18
3056 11
3057 17
3058 9
3059 13
3060 9
3061 9
3062 9
3063 6
3064 22
3065 9
3066 4
3067 9
3068 2
3069 16
3070 16
3071 16
3072 16
3073 16
3074 9
3075 9
3076 9
3077 1
3078 13
3079 19
3080 4
3081 12
3082 12
3083 20
3084 18
3085 9
3086 9
3087 9
3088 25
3089 4
3090 9
3091 2
3092 2
3093 2
3094 9
3095 2
3096 2
3097 2
3098 9
3099 18
3100 7
3101 12
3102 24
3103 24
3104 24
3105 4
3106 4
3107 4
3108 9
3109 9
3110 5
3111 18
3112 10
3113 11
3114 9
3115 13
3116 4
3117 4
3118 4
3119 6
3120 9
3121 10
3122 2
3123 16
3124 9
3125 9
3126 2
3127 9
3128 12
3129 4
3130 2
3131 18
3132 9
3133 9
3134 9
3135 11
3136 4
3137 2
3138 2
3139 2
3140 2
3141 15
3142 15
3143 23
3144 22
3145 2
3146 7
3147 8
3148 8
3149 8
3150 8
3151 19
3152 9
3153 9
3154 9
3155 18
3156 9
3157 2
3158 2
3159 2
3160 10
3161 4
3162 13
3163 13
3164 13
3165 18
3166 22
3167 9
3168 21
3169 2
3170 2
3171 4
3172 2
3173 2
3174 1
3175 9
3176 9
3177 3
3178 9
3179 20
3180 18
3181 2
3182 15
3183 11
3184 12
3185 11
3186 17
3187 9
3188 9
3189 9
3190 9
3191 9
3192 9
3193 17
3194 17
3195 17
3196 9
3197 2
3198 2
3199 23
3200 3
3201 3
3202 3
3203 3
3204 19
3205 19
3206 16
3207 2
3208 16
3209 8
3210 2
3211 4
3212 22
3213 2
3214 4
3215 18
3216 9
3217 7
3218 8
3219 15
3220 2
3221 18
3222 11
3223 15
3224 6
3225 2
3226 2
3227 9
3228 9
3229 4
3230 20
3231 13
3232 20
3233 12
3234 12
3235 4
3236 4
3237 24
3238 24
3239 24
3240 24
3241 9
3242 24
3243 24
3244 18
3245 2
3246 25
3247 1
3248 18
3249 18
3250 15
3251 18
3252 6
3253 2
3254 18
3255 6
3256 2
3257 18
3258 6
3259 6
3260 1
3261 1
3262 1
3263 9
3264 2
3265 6
3266 24
3267 24
3268 17
3269 18
3270 4
3271 1
3272 18
3273 9
3274 2
3275 24
3276 24
3277 24
3278 25
3279 13
3280 1
3281 18
3282 20
3283 4
3284 6
3285 0
3286 4
3287 4
3288 8
3289 9
3290 20
3291 3
3292 14
3293 15
3294 17
3295 17
3296 17
3297 17
3298 8
3299 24
3300 19
3301 14
3302 22
3303 2
3304 2
3305 2
3306 14
3307 24
3308 7
3309 9
3310 1
3311 9
3312 21
3313 2
3314 9
3315 24
3316 4
3317 9
3318 20
3319 21
3320 2
3321 21
3322 18
3323 2
3324 1
3325 20
3326 2
3327 8
3328 4
3329 2
3330 2
3331 13
3332 13
3333 13
3334 2
3335 18
3336 2
3337 9
3338 2
3339 2
3340 22
3341 13
3342 1
3343 9
3344 2
3345 20
3346 25
3347 15
3348 14
3349 3
3350 3
3351 14
3352 24
3353 15
3354 8
3355 9
3356 14
3357 2
3358 13
3359 13
3360 6
3361 20
3362 13
3363 3
3364 22
3365 19
3366 18
3367 4
3368 25
3369 11
3370 13
3371 2
3372 16
3373 9
3374 18
3375 2
3376 18
3377 4
3378 2
3379 23
3380 9
3381 10
3382 2
3383 2
3384 2
3385 2
3386 2
3387 9
3388 4
3389 22
3390 14
3391 4
3392 24
3393 24
3394 24
3395 24
3396 2
3397 24
3398 2
3399 9
3400 9
3401 9
3402 21
3403 2
3404 4
3405 21
3406 14
3407 24
3408 11
3409 18
3410 11
3411 18
3412 19
3413 11
3414 8
3415 24
3416 24
3417 2
3418 9
3419 2
3420 4
3421 2
3422 2
3423 23
3424 18
3425 18
3426 2
3427 18
3428 8
3429 4
3430 18
3431 9
3432 9
3433 22
3434 13
3435 11
3436 13
3437 8
3438 8
3439 5
3440 6
3441 3
3442 6
3443 9
3444 6
3445 18
3446 2
3447 18
3448 18
3449 18
3450 18
3451 2
3452 18
3453 21
3454 0
3455 21
3456 0
3457 14
3458 12
3459 2
3460 11
3461 15
3462 4
3463 4
3464 9
3465 4
3466 4
3467 3
3468 16
3469 9
3470 24
3471 3
3472 3
3473 2
3474 22
3475 22
3476 12
3477 2
3478 7
3479 15
3480 7
3481 25
3482 15
3483 3
3484 6
3485 17
3486 14
3487 17
3488 9
3489 9
3490 3
3491 14
3492 8
3493 9
3494 9
3495 9
3496 9
3497 20
3498 2
3499 2
3500 2
3501 3
3502 4
3503 3
3504 9
3505 3
3506 3
3507 2
3508 22
3509 20
3510 20
3511 20
3512 14
3513 20
3514 8
3515 22
3516 22
3517 2
3518 7
3519 0
3520 7
3521 17
3522 17
3523 3
3524 2
3525 2
3526 2
3527 1
3528 1
3529 2
3530 8
3531 18
3532 14
3533 14
3534 25
3535 25
3536 2
3537 11
3538 23
3539 6
3540 1
3541 23
3542 13
3543 22
3544 22
3545 19
3546 2
3547 5
3548 14
3549 21
3550 15
3551 12
3552 21
3553 21
3554 18
3555 2
3556 20
3557 9
3558 23
3559 2
3560 20
3561 20
3562 1
3563 20
3564 20
3565 3
3566 13
3567 3
3568 2
3569 23
3570 18
3571 23
3572 3
3573 19
3574 22
3575 11
3576 9
3577 19
3578 9
3579 19
3580 19
3581 18
3582 3
3583 9
3584 12
3585 2
3586 4
3587 1
3588 8
3589 8
3590 2
3591 21
3592 9
3593 25
3594 21
3595 14
3596 15
3597 15
3598 15
3599 25
3600 15
3601 11
3602 11
3603 9
3604 4
3605 5
3606 11
3607 18
3608 11
3609 9
3610 0
3611 24
3612 5
3613 4
3614 9
3615 2
3616 9
3617 9
3618 19
3619 23
3620 22
3621 22
3622 22
3623 1
3624 2
3625 22
3626 9
3627 24
3628 3
3629 9
3630 9
3631 3
3632 9
3633 21
3634 9
3635 9
3636 3
3637 19
3638 4
3639 2
3640 23
3641 17
3642 17
3643 2
3644 9
3645 2
3646 4
3647 9
3648 6
3649 22
3650 4
3651 18
3652 21
3653 7
3654 13
3655 13
3656 12
3657 13
3658 2
3659 2
3660 2
3661 3
3662 0
3663 25
3664 9
3665 9
3666 9
3667 4
3668 2
3669 19
3670 2
3671 9
3672 2
3673 4
3674 8
3675 22
3676 18
3677 11
3678 9
3679 2
3680 2
3681 6
3682 11
3683 9
3684 9
3685 20
3686 9
3687 2
3688 12
3689 2
3690 9
3691 9
3692 9
3693 4
3694 2
3695 4
3696 4
3697 4
3698 9
3699 9
3700 3
3701 6
3702 22
3703 17
3704 2
3705 14
3706 24
3707 12
3708 19
3709 9
3710 1
3711 4
3712 9
3713 15
3714 2
3715 2
3716 9
3717 9
3718 7
3719 0
3720 20
3721 2
3722 2
3723 18
3724 18
3725 6
3726 6
3727 2
3728 2
3729 9
3730 2
3731 1
3732 2
3733 2
3734 13
3735 12
3736 20
3737 15
3738 16
3739 16
3740 0
3741 9
3742 9
3743 9
3744 9
3745 24
3746 23
3747 25
3748 18
3749 15
3750 9
3751 15
3752 4
3753 12
3754 12
3755 21
3756 7
3757 15
3758 2
3759 25
3760 25
3761 25
3762 25
3763 7
3764 4
3765 23
3766 24
3767 24
3768 24
3769 24
3770 19
3771 19
3772 19
3773 2
3774 2
3775 2
3776 20
3777 18
3778 18
3779 18
3780 2
3781 10
3782 9
3783 14
3784 14
3785 18
3786 14
3787 2
3788 22
3789 22
3790 2
3791 25
3792 25
3793 11
3794 2
3795 11
3796 1
3797 3
3798 25
3799 16
3800 16
3801 16
3802 9
3803 18
3804 18
3805 9
3806 9
3807 9
3808 7
3809 22
3810 19
3811 22
3812 9
3813 15
3814 2
3815 20
3816 2
3817 6
3818 6
3819 11
3820 2
3821 6
3822 6
3823 18
3824 16
3825 18
3826 2
3827 9
3828 4
3829 18
3830 7
3831 9
3832 4
3833 14
3834 7
3835 2
3836 5
3837 22
3838 1
3839 5
3840 5
3841 4
3842 24
3843 9
3844 11
3845 7
3846 9
3847 24
3848 24
3849 17
3850 22
3851 22
3852 8
3853 22
3854 22
3855 23
3856 8
3857 6
3858 4
3859 11
3860 3
3861 9
3862 22
3863 2
3864 20
3865 22
3866 3
3867 9
3868 3
3869 4
3870 9
3871 21
3872 21
3873 21
3874 21
3875 2
3876 22
3877 22
3878 22
3879 14
3880 2
3881 2
3882 9
3883 20
3884 19
3885 19
3886 19
3887 6
3888 22
3889 9
3890 16
3891 17
3892 12
3893 15
3894 20
3895 15
3896 15
3897 15
3898 8
3899 9
3900 1
3901 3
3902 1
3903 23
3904 4
3905 2
3906 12
3907 19
3908 2
3909 2
3910 2
3911 18
3912 24
3913 18
3914 5
3915 18
3916 17
3917 4
3918 8
3919 15
3920 2
3921 15
3922 15
3923 13
3924 14
3925 20
3926 24
3927 17
3928 2
3929 14
3930 14
3931 18
3932 17
3933 9
3934 13
3935 1
3936 9
3937 11
3938 1
3939 12
3940 15
3941 8
3942 2
3943 2
3944 18
3945 2
3946 1
3947 2
3948 13
3949 9
3950 18
3951 2
3952 3
3953 24
3954 3
3955 25
3956 3
3957 18
3958 4
3959 9
3960 3
3961 3
3962 9
3963 3
3964 3
3965 2
3966 22
3967 2
3968 2
3969 10
3970 4
3971 7
3972 10
3973 4
3974 1
3975 1
3976 1
3977 13
3978 13
3979 13
3980 13
3981 13
3982 9
3983 2
3984 2
3985 9
3986 9
3987 7
3988 17
3989 8
3990 20
3991 11
3992 9
3993 23
3994 3
3995 22
3996 23
3997 2
3998 2
3999 9
4000 2
4001 2
4002 15
4003 13
4004 13
4005 2
4006 9
4007 9
4008 9
4009 9
4010 8
4011 9
4012 0
4013 2
4014 18
4015 21
4016 9
4017 22
4018 11
4019 11
4020 11
4021 11
4022 11
4023 9
4024 8
4025 9
4026 4
4027 1
4028 10
4029 10
4030 2
4031 16
4032 12
4033 2
4034 14
4035 4
4036 12
4037 2
4038 21
4039 7
4040 19
4041 2
4042 2
4043 7
4044 7
4045 2
4046 1
4047 1
4048 2
4049 14
4050 2
4051 2
4052 2
4053 2
4054 2
4055 2
4056 22
4057 2
4058 2
4059 2
4060 2
4061 18
4062 25
4063 22
4064 19
4065 23
4066 6
4067 9
4068 22
4069 18
4070 18
4071 18
4072 18
4073 18
4074 18
4075 18
4076 18
4077 9
4078 15
4079 20
4080 16
4081 20
4082 5
4083 13
4084 13
4085 8
4086 24
4087 2
4088 2
4089 2
4090 16
4091 20
4092 18
4093 7
4094 2
4095 2
4096 13
4097 14
4098 2
4099 23
4100 2
4101 20
4102 10
4103 5
4104 2
4105 19
4106 19
4107 2
4108 9
4109 22
4110 19
4111 12
4112 18
4113 2
4114 5
4115 18
4116 22
4117 6
4118 1
4119 1
4120 2
4121 18
4122 2
4123 4
4124 2
4125 25
4126 2
4127 9
4128 6
4129 4
4130 11
4131 2
4132 11
4133 2
4134 16
4135 16
4136 4
4137 9
4138 18
4139 13
4140 9
4141 4
4142 4
4143 9
4144 2
4145 9
4146 9
4147 16
4148 9
4149 22
4150 4
4151 18
4152 18
4153 18
4154 25
4155 9
4156 24
4157 14
4158 14
4159 2
4160 14
4161 20
4162 2
4163 20
4164 13
4165 13
4166 2
4167 4
4168 4
4169 24
4170 4
4171 2
4172 2
4173 2
4174 2
4175 3
4176 3
4177 20
4178 20
4179 20
4180 2
4181 10
4182 18
4183 20
4184 16
4185 2
4186 24
4187 22
4188 2
4189 2
4190 2
4191 2
4192 23
4193 23
4194 2
4195 2
4196 9
4197 2
4198 2
4199 20
4200 3
4201 7
4202 2
4203 3
4204 4
4205 9
4206 18
4207 9
4208 2
4209 11
4210 11
4211 11
4212 9
4213 11
4214 11
4215 2
4216 21
4217 2
4218 2
4219 2
4220 2
4221 2
4222 16
4223 15
4224 9
4225 2
4226 2
4227 4
4228 9
4229 9
4230 18
4231 9
4232 4
4233 18
4234 24
4235 24
4236 24
4237 2
4238 2
4239 24
4240 18
4241 18
4242 18
4243 22
4244 9
4245 9
4246 8
4247 2
4248 17
4249 2
4250 20
4251 20
4252 20
4253 11
4254 5
4255 11
4256 11
4257 18
4258 9
4259 16
4260 16
4261 8
4262 8
4263 22
4264 18
4265 18
4266 18
4267 18
4268 2
4269 2
4270 14
4271 18
4272 4
4273 9
4274 2
4275 7
4276 10
4277 14
4278 22
4279 9
4280 5
4281 5
4282 16
4283 5
4284 4
4285 6
4286 8
4287 8
4288 1
4289 4
4290 1
4291 2
4292 20
4293 7
4294 0
4295 2
4296 18
4297 2
4298 22
4299 2
4300 9
4301 11
4302 2
4303 9
4304 18
4305 19
4306 18
4307 19
4308 2
4309 9
4310 19
4311 2
4312 1
4313 13
4314 2
4315 2
4316 22
4317 22
4318 2
4319 22
4320 22
4321 18
4322 9
4323 18
4324 2
4325 0
4326 22
4327 7
4328 18
4329 20
4330 2
4331 25
4332 2
4333 2
4334 2
4335 9
4336 24
4337 10
4338 5
4339 5
4340 5
4341 15
4342 8
4343 10
4344 23
4345 2
4346 9
4347 2
4348 16
4349 24
4350 16
4351 8
4352 9
4353 12
4354 6
4355 13
4356 4
4357 13
4358 13
4359 13
4360 13
4361 18
4362 6
4363 13
4364 2
4365 3
4366 2
4367 1
4368 20
4369 9
4370 18
4371 6
4372 18
4373 24
4374 22
4375 13
4376 2
4377 2
4378 7
4379 25
4380 2
4381 4
4382 3
4383 19
4384 4
4385 23
4386 4
4387 8
4388 16
4389 2
4390 3
4391 2
4392 2
4393 9
4394 8
4395 4
4396 4
4397 4
4398 24
4399 9
4400 22
4401 20
4402 22
4403 6
4404 9
4405 8
4406 4
4407 2
4408 22
4409 22
4410 22
4411 14
4412 5
4413 5
4414 5
4415 5
4416 25
4417 22
4418 22
4419 2
4420 20
4421 22
4422 0
4423 0
4424 0
4425 0
4426 2
4427 0
4428 2
4429 18
4430 13
4431 22
4432 22
4433 17
4434 10
4435 6
4436 7
4437 2
4438 4
4439 8
4440 3
4441 10
4442 3
4443 23
4444 23
4445 23
4446 2
4447 2
4448 18
4449 2
4450 2
4451 1
4452 10
4453 10
4454 10
4455 10
4456 10
4457 10
4458 10
4459 8
4460 24
4461 15
4462 8
4463 18
4464 2
4465 2
4466 1
4467 18
4468 2
4469 22
4470 13
4471 22
4472 22
4473 20
4474 20
4475 20
4476 20
4477 5
4478 2
4479 22
4480 13
4481 13
4482 13
4483 4
4484 23
4485 9
4486 2
4487 4
4488 2
4489 0
4490 9
4491 24
4492 2
4493 2
4494 2
4495 2
4496 19
4497 13
4498 2
4499 1
4500 13
4501 13
4502 13
4503 9
4504 9
4505 12
4506 0
4507 8
4508 14
4509 14
4510 14
4511 14
4512 14
4513 18
4514 21
4515 21
4516 25
4517 4
4518 4
4519 4
4520 15
4521 7
4522 0
4523 15
4524 16
4525 22
4526 11
4527 15
4528 15
4529 12
4530 9
4531 2
4532 2
4533 2
4534 8
4535 2
4536 2
4537 2
4538 24
4539 2
4540 9
4541 9
4542 4
4543 9
4544 16
4545 2
4546 2
4547 2
4548 24
4549 2
4550 24
4551 20
4552 9
4553 19
4554 20
4555 2
4556 6
4557 7
4558 21
4559 11
4560 2
4561 18
4562 18
4563 18
4564 8
4565 6
4566 10
4567 21
4568 9
4569 2
4570 8
4571 9
4572 4
4573 22
4574 8
4575 11
4576 2
4577 14
4578 2
4579 15
4580 2
4581 3
4582 1
4583 4
4584 9
4585 2
4586 17
4587 1
4588 9
4589 9
4590 2
4591 2
4592 2
4593 18
4594 24
4595 3
4596 2
4597 2
4598 2
4599 7
4600 9
4601 4
4602 4
4603 4
4604 9
4605 9
4606 9
4607 9
4608 9
4609 2
4610 22
4611 2
4612 2
4613 18
4614 9
4615 13
4616 9
4617 2
4618 15
4619 2
4620 24
4621 20
4622 2
4623 2
4624 12
4625 2
4626 2
4627 6
4628 2
4629 2
4630 2
4631 4
4632 2
4633 2
4634 2
4635 2
4636 4
4637 19
4638 3
4639 3
4640 2
4641 9
4642 21
4643 9
4644 23
4645 9
4646 20
4647 20
4648 9
4649 19
4650 20
4651 4
4652 4
4653 4
4654 22
4655 18
4656 4
4657 2
4658 20
4659 18
4660 4
4661 6
4662 6
4663 20
4664 9
4665 18
4666 22
4667 18
4668 1
4669 1
4670 7
4671 1
4672 16
4673 2
4674 2
4675 1
4676 19
4677 2
4678 0
4679 2
4680 2
4681 2
4682 2
4683 18
4684 13
4685 2
4686 1
4687 9
4688 9
4689 5
4690 22
4691 9
4692 11
4693 9
4694 18
4695 9
4696 22
4697 9
4698 17
4699 22
4700 13
4701 20
4702 18
4703 25
4704 2
4705 18
4706 0
4707 13
4708 22
4709 9
4710 12
4711 16
4712 9
4713 12
4714 19
4715 12
4716 12
4717 12
4718 9
4719 9
4720 9
4721 23
4722 22
4723 22
4724 18
4725 22
4726 15
4727 21
4728 15
4729 15
4730 15
4731 15
4732 22
4733 20
4734 22
4735 22
4736 8
4737 18
4738 5
4739 20
4740 2
4741 18
4742 18
4743 11
4744 18
4745 9
4746 2
4747 11
4748 11
4749 11
4750 7
4751 9
4752 18
4753 22
4754 2
4755 2
4756 2
4757 8
4758 4
4759 2
4760 9
4761 11
4762 11
4763 16
4764 14
4765 2
4766 18
4767 18
4768 13
4769 24
4770 18
4771 2
4772 0
4773 11
4774 11
4775 11
4776 11
4777 7
4778 9
4779 15
4780 15
4781 11
4782 22
4783 5
4784 5
4785 5
4786 5
4787 2
4788 0
4789 4
4790 25
4791 22
4792 22
4793 17
4794 22
4795 9
4796 9
4797 8
4798 8
4799 8
4800 2
4801 2
4802 2
4803 2
4804 2
4805 2
4806 2
4807 2
4808 2
4809 2
4810 9
4811 15
4812 1
4813 9
4814 3
4815 4
4816 4
4817 4
4818 2
4819 4
4820 11
4821 2
4822 6
4823 13
4824 4
4825 2
4826 22
4827 20
4828 20
4829 18
4830 6
4831 6
4832 10
4833 10
4834 2
4835 12
4836 20
4837 2
4838 6
4839 10
4840 9
4841 14
4842 14
4843 2
4844 10
4845 22
4846 9
4847 22
4848 12
4849 22
4850 22
4851 8
4852 2
4853 2
4854 2
4855 2
4856 17
4857 7
4858 15
4859 15
4860 14
4861 14
4862 14
4863 2
4864 2
4865 6
4866 9
4867 9
4868 2
4869 2
4870 8
4871 1
4872 1
4873 1
4874 2
4875 2
4876 2
4877 9
4878 11
4879 12
4880 12
4881 12
4882 12
4883 12
4884 12
4885 12
4886 2
4887 12
4888 18
4889 2
4890 2
4891 6
4892 6
4893 6
4894 6
4895 6
4896 6
4897 6
4898 6
4899 6
4900 13
4901 3
4902 3
4903 25
4904 14
4905 10
4906 22
4907 20
4908 22
4909 2
4910 2
4911 6
4912 6
4913 9
4914 9
4915 2
4916 2
4917 2
4918 23
4919 22
4920 18
4921 14
4922 14
4923 4
4924 19
4925 19
4926 2
4927 2
4928 14
4929 2
4930 25
4931 15
4932 19
4933 4
4934 4
4935 4
4936 9
4937 9
4938 3
4939 3
4940 2
4941 2
4942 9
4943 9
4944 2
4945 2
4946 22
4947 2
4948 25
4949 4
4950 19
4951 2
4952 2
4953 21
4954 1
4955 2
4956 11
4957 2
4958 18
4959 20
4960 21
4961 18
4962 18
4963 18
4964 15
4965 9
4966 21
4967 21
4968 24
4969 13
4970 13
4971 24
4972 17
4973 2
4974 17
4975 17
4976 2
4977 22
4978 17
4979 17
4980 7
4981 9
4982 19
4983 2
4984 2
4985 7
4986 22
4987 14
4988 18
4989 14
4990 9
4991 2
4992 2
4993 8
4994 22
4995 22
4996 22
4997 2
4998 10
4999 10
5000 10
5001 20
5002 15
5003 4
5004 18
5005 18
5006 2
5007 2
5008 18
5009 24
5010 6
5011 10
5012 14
5013 23
5014 14
5015 10
5016 18
5017 24
5018 2
5019 2
5020 13
5021 2
5022 2
5023 21
5024 21
5025 9
5026 2
5027 21
5028 21
5029 2
5030 9
5031 2
5032 6
5033 0
5034 20
5035 20
5036 23
5037 20
5038 2
5039 18
5040 13
5041 24
5042 8
5043 8
5044 12
5045 6
5046 3
5047 2
5048 9
5049 2
5050 6
5051 8
5052 5
5053 8
5054 2
5055 22
5056 6
5057 8
5058 3
5059 11
5060 22
5061 24
5062 4
5063 9
5064 11
5065 1
5066 25
5067 9
5068 23
5069 4
5070 7
5071 5
5072 5
5073 8
5074 9
5075 18
5076 2
5077 2
5078 2
5079 2
5080 9
5081 2
5082 9
5083 2
5084 20
5085 2
5086 14
5087 9
5088 2
5089 11
5090 19
5091 12
5092 2
5093 9
5094 22
5095 7
5096 6
5097 22
5098 8
5099 8
5100 8
5101 8
5102 8
5103 8
5104 8
5105 8
5106 9
5107 6
5108 9
5109 23
5110 20
5111 19
5112 25
5113 4
5114 3
5115 20
5116 16
5117 20
5118 9
5119 9
5120 12
5121 18
5122 6
5123 9
5124 20
5125 3
5126 3
5127 2
5128 7
5129 21
5130 2
5131 2
5132 22
5133 9
5134 23
5135 2
5136 12
5137 4
5138 18
5139 4
5140 18
5141 3
5142 14
5143 18
5144 2
5145 22
5146 6
5147 2
5148 17
5149 2
5150 9
5151 16
5152 8
5153 6
5154 2
5155 14
5156 9
5157 10
5158 14
5159 2
5160 10
5161 21
5162 2
5163 2
5164 11
5165 7
5166 24
5167 2
5168 2
5169 10
5170 2
5171 19
5172 4
5173 2
5174 19
5175 2
5176 14
5177 14
5178 14
5179 14
5180 9
5181 9
5182 11
5183 19
5184 2
5185 2
5186 19
5187 4
5188 22
5189 10
5190 4
5191 11
5192 2
5193 1
5194 4
5195 4
5196 22
5197 2
5198 2
5199 2
5200 15
5201 2
5202 2
5203 9
5204 19
5205 9
5206 0
5207 18
5208 6
5209 2
5210 4
5211 1
5212 21
5213 2
5214 20
5215 4
5216 2
5217 4
5218 14
5219 2
5220 9
5221 17
5222 5
5223 9
5224 22
5225 13
5226 18
5227 10
5228 9
5229 22
5230 4
5231 14
5232 10
5233 9
5234 18
5235 9
5236 2
5237 16
5238 24
5239 2
5240 19
5241 9
5242 11
5243 16
5244 16
5245 16
5246 16
5247 9
5248 22
5249 9
5250 9
5251 9
5252 9
5253 1
5254 2
5255 5
5256 9
5257 9
5258 2
5259 9
5260 23
5261 2
5262 22
5263 2
5264 22
5265 2
5266 7
5267 2
5268 13
5269 18
5270 2
5271 2
5272 2
5273 17
5274 19
5275 11
5276 9
5277 4
5278 4
5279 20
5280 13
5281 13
5282 9
5283 13
5284 2
5285 19
5286 21
5287 20
5288 9
5289 20
5290 20
5291 2
5292 6
5293 2
5294 18
5295 19
5296 13
5297 18
5298 9
5299 3
5300 9
5301 9
5302 9
5303 5
5304 5
5305 22
5306 6
5307 9
5308 17
5309 2
5310 4
5311 4
5312 4
5313 4
5314 22
5315 22
5316 22
5317 22
5318 22
5319 10
5320 2
5321 2
5322 18
5323 6
5324 6
5325 18
5326 6
5327 10
5328 4
5329 2
5330 21
5331 21
5332 20
5333 25
5334 2
5335 15
5336 22
5337 22
5338 22
5339 3
5340 19
5341 9
5342 9
5343 9
5344 6
5345 22
5346 3
5347 9
5348 2
5349 2
5350 15
5351 8
5352 2
5353 2
5354 2
5355 2
5356 17
5357 23
5358 6
5359 7
5360 10
5361 14
5362 14
5363 8
5364 14
5365 18
5366 9
5367 10
5368 12
5369 3
5370 2
5371 14
5372 2
5373 10
5374 2
5375 6
5376 2
5377 6
5378 6
5379 6
5380 2
5381 9
5382 22
5383 22
5384 22
5385 9
5386 6
5387 2
5388 15
5389 17
5390 8
5391 6
5392 22
5393 9
5394 9
5395 9
5396 12
5397 6
5398 9
5399 13
5400 13
5401 11
5402 3
5403 2
5404 18
5405 3
5406 2
5407 4
5408 2
5409 18
5410 7
5411 25
5412 9
5413 2
5414 2
5415 9
5416 25
5417 25
5418 25
5419 25
5420 3
5421 3
5422 3
5423 3
5424 9
5425 13
5426 12
5427 2
5428 2
5429 2
5430 18
5431 9
5432 2
5433 23
5434 2
5435 12
5436 9
5437 9
5438 9
5439 9
5440 15
5441 13
5442 9
5443 23
5444 2
5445 18
5446 2
5447 9
5448 13
5449 13
5450 9
5451 9
5452 10
5453 8
5454 2
5455 2
5456 2
5457 2
5458 2
5459 2
5460 5
5461 12
5462 12
5463 22
5464 18
5465 5
5466 4
5467 12
5468 14
5469 8
5470 4
5471 9
5472 9
5473 2
5474 7
5475 7
5476 7
5477 2
5478 2
5479 23
5480 1
5481 23
5482 2
5483 23
5484 9
5485 9
5486 4
5487 4
5488 9
5489 9
5490 2
5491 2
5492 2
5493 22
5494 22
5495 1
5496 1
5497 14
5498 19
5499 2
5500 2
5501 20
5502 20
5503 20
5504 8
5505 2
5506 11
5507 9
5508 9
5509 9
5510 2
5511 1
5512 2
5513 2
5514 4
5515 14
5516 17
5517 2
5518 2
5519 19
5520 2
5521 19
5522 19
5523 19
5524 22
5525 22
5526 7
5527 7
5528 7
5529 12
5530 1
5531 0
5532 15
5533 7
5534 15
5535 15
5536 4
5537 15
5538 2
5539 8
5540 2
5541 4
5542 24
5543 12
5544 20
5545 18
5546 23
5547 4
5548 2
5549 1
5550 19
5551 1
5552 1
5553 9
5554 1
5555 18
5556 8
5557 6
5558 8
5559 2
5560 2
5561 20
5562 4
5563 4
5564 2
5565 5
5566 2
5567 6
5568 22
5569 2
5570 2
5571 19
5572 20
5573 20
5574 18
5575 11
5576 5
5577 1
5578 18
5579 0
5580 20
5581 3
5582 14
5583 25
5584 14
5585 3
5586 12
5587 8
5588 18
5589 2
5590 17
5591 19
5592 18
5593 2
5594 9
5595 22
5596 22
5597 12
5598 21
5599 24
5600 24
5601 24
5602 24
5603 24
5604 15
5605 15
5606 23
5607 15
5608 8
5609 9
5610 21
5611 18
5612 18
5613 20
5614 2
5615 2
5616 11
5617 17
5618 2
5619 10
5620 14
5621 2
5622 2
5623 2
5624 1
5625 1
5626 2
5627 3
5628 2
5629 2
5630 15
5631 25
5632 23
5633 14
5634 14
5635 12
5636 19
5637 9
5638 9
5639 17
5640 17
5641 14
5642 14
5643 24
5644 2
5645 2
5646 2
5647 14
5648 21
5649 6
5650 6
5651 2
5652 6
5653 6
5654 3
5655 3
5656 3
5657 0
5658 4
5659 12
5660 4
5661 14
5662 1
5663 2
5664 7
5665 25
5666 25
5667 19
5668 5
5669 11
5670 4
5671 2
5672 9
5673 9
5674 2
5675 4
5676 18
5677 18
5678 9
5679 9
5680 18
5681 2
5682 12
5683 4
5684 4
5685 11
5686 12
5687 24
5688 4
5689 4
5690 2
5691 9
5692 22
5693 18
5694 2
5695 9
5696 2
5697 2
5698 2
5699 14
5700 14
5701 4
5702 22
5703 16
5704 11
5705 11
5706 11
5707 4
5708 3
5709 11
5710 16
5711 2
5712 9
5713 2
5714 19
5715 9
5716 18
5717 14
5718 18
5719 18
5720 18
5721 22
5722 9
5723 18
5724 18
5725 2
5726 15
5727 8
5728 2
5729 22
5730 22
5731 22
5732 16
5733 25
5734 13
5735 11
5736 8
5737 18
5738 21
5739 21
5740 17
5741 21
5742 21
5743 11
5744 16
5745 2
5746 13
5747 9
5748 4
5749 4
5750 2
5751 18
5752 18
5753 16
5754 3
5755 9
5756 24
5757 22
5758 22
5759 1
5760 4
5761 2
5762 8
5763 11
5764 2
5765 9
5766 15
5767 15
5768 15
5769 23
5770 9
5771 14
5772 3
5773 17
5774 17
5775 25
5776 17
5777 17
5778 17
5779 18
5780 14
5781 17
5782 2
5783 14
5784 8
5785 2
5786 4
5787 22
5788 20
5789 2
5790 2
5791 9
5792 5
5793 18
5794 10
5795 2
5796 2
5797 10
5798 2
5799 3
5800 2
5801 25
5802 13
5803 11
5804 0
5805 22
5806 23
5807 7
5808 2
5809 1
5810 21
5811 22
5812 18
5813 8
5814 20
5815 25
5816 20
5817 16
5818 23
5819 13
5820 15
5821 22
5822 1
5823 1
5824 9
5825 1
5826 14
5827 22
5828 11
5829 11
5830 11
5831 2
5832 9
5833 3
5834 18
5835 18
5836 14
5837 2
5838 9
5839 19
5840 9
5841 12
5842 18
5843 25
5844 4
5845 5
5846 5
5847 5
5848 4
5849 11
5850 4
5851 11
5852 11
5853 18
5854 18
5855 18
5856 18
5857 20
5858 22
5859 5
5860 1
5861 2
5862 5
5863 15
5864 2
5865 3
5866 19
5867 19
5868 19
5869 7
5870 9
5871 2
5872 14
5873 14
5874 2
5875 3
5876 4
5877 24
5878 0
5879 4
5880 18
5881 19
5882 19
5883 3
5884 18
5885 9
5886 2
5887 2
5888 9
5889 2
5890 2
5891 3
5892 4
5893 4
5894 18
5895 7
5896 7
5897 7
5898 12
5899 4
5900 20
5901 3
5902 4
5903 2
5904 4
5905 12
5906 22
5907 22
5908 5
5909 10
5910 9
5911 19
5912 2
5913 2
5914 2
5915 22
5916 21
5917 18
5918 18
5919 2
5920 22
5921 8
5922 8
5923 9
5924 19
5925 9
5926 13
5927 18
5928 25
5929 2
5930 4
5931 4
5932 9
5933 24
5934 22
5935 9
5936 8
5937 2
5938 1
5939 1
5940 2
5941 2
5942 9
5943 9
5944 2
5945 2
5946 4
5947 18
5948 13
5949 2
5950 23
5951 3
5952 2
5953 4
5954 12
5955 19
5956 0
5957 0
5958 4
5959 0
5960 9
5961 22
5962 15
5963 9
5964 20
5965 9
5966 8
5967 1
5968 9
5969 17
5970 17
5971 17
5972 18
5973 4
5974 4
5975 4
5976 22
5977 19
5978 17
5979 23
5980 18
5981 15
5982 11
5983 22
5984 9
5985 5
5986 25
5987 25
5988 25
5989 23
5990 23
5991 23
5992 23
5993 23
5994 23
5995 18
5996 15
5997 21
5998 15
5999 9
6000 13
6001 0
6002 2
6003 2
6004 2
6005 16
6006 2
6007 2
6008 9
6009 9
6010 2
6011 10
6012 10
6013 10
6014 19
6015 2
6016 2
6017 13
6018 2
6019 25
6020 11
6021 9
6022 23
6023 9
6024 12
6025 24
6026 10
6027 20
6028 19
6029 19
6030 15
6031 12
6032 0
6033 20
6034 20
6035 2
6036 21
6037 16
6038 11
6039 16
6040 13
6041 2
6042 2
6043 2
6044 2
6045 12
6046 6
6047 19
6048 20
6049 4
6050 18
6051 18
6052 18
6053 23
6054 4
6055 3
6056 22
6057 16
6058 12
6059 22
6060 22
6061 23
6062 4
6063 1
6064 1
6065 5
6066 4
6067 14
6068 14
6069 14
6070 12
6071 9
6072 22
6073 22
6074 8
6075 2
6076 18
6077 11
6078 9
6079 9
6080 9
6081 9
6082 6
6083 9
6084 2
6085 6
6086 6
6087 6
6088 18
6089 2
6090 9
6091 14
6092 2
6093 7
6094 5
6095 2
6096 2
6097 2
6098 18
6099 22
6100 22
6101 22
6102 2
6103 2
6104 4
6105 14
6106 16
6107 6
6108 12
6109 12
6110 12
6111 21
6112 2
6113 1
6114 23
6115 6
6116 2
6117 19
6118 8
6119 6
6120 2
6121 22
6122 12
6123 17
6124 8
6125 8
6126 21
6127 8
6128 4
6129 4
6130 4
6131 2
6132 2
6133 2
6134 14
6135 14
6136 14
6137 9
6138 17
6139 23
6140 24
6141 24
6142 18
6143 15
6144 15
6145 2
6146 2
6147 19
6148 2
6149 24
6150 2
6151 13
6152 13
6153 13
6154 2
6155 11
6156 11
6157 11
6158 13
6159 11
6160 13
6161 8
6162 0
6163 16
6164 8
6165 2
6166 18
6167 18
6168 15
6169 2
6170 24
6171 2
6172 0
6173 24
6174 24
6175 2
6176 18
6177 2
6178 9
6179 3
6180 2
6181 10
6182 2
6183 4
6184 2
6185 25
6186 2
6187 9
6188 5
6189 22
6190 3
6191 1
6192 1
6193 14
6194 9
6195 22
6196 22
6197 8
6198 8
6199 2
6200 14
6201 2
6202 2
6203 14
6204 2
6205 11
6206 5
6207 25
6208 2
6209 18
6210 15
6211 2
6212 17
6213 14
6214 4
6215 23
6216 2
6217 12
6218 8
6219 24
6220 18
6221 9
6222 13
6223 8
6224 7
6225 21
6226 2
6227 14
6228 14
6229 1
6230 3
6231 2
6232 6
6233 14
6234 18
6235 2
6236 2
6237 2
6238 13
6239 2
6240 2
6241 2
6242 9
6243 24
6244 9
6245 2
6246 2
6247 15
6248 2
6249 19
6250 15
6251 2
6252 15
6253 2
6254 6
6255 6
6256 6
6257 8
6258 21
6259 16
6260 1
6261 23
6262 9
6263 25
6264 20
6265 2
6266 5
6267 5
6268 5
6269 5
6270 5
6271 2
6272 24
6273 24
6274 15
6275 2
6276 11
6277 7
6278 2
6279 2
6280 2
6281 2
6282 2
6283 2
6284 0
6285 9
6286 14
6287 10
6288 10
6289 10
6290 10
6291 10
6292 9
6293 16
6294 7
6295 7
6296 4
6297 15
6298 7
6299 19
6300 18
6301 19
6302 12
6303 9
6304 18
6305 9
6306 15
6307 23
6308 22
6309 7
6310 20
6311 1
6312 5
6313 18
6314 8
6315 20
6316 2
6317 2
6318 2
6319 5
6320 2
6321 18
6322 18
6323 9
6324 2
6325 2
6326 2
6327 2
6328 11
6329 22
6330 6
6331 6
6332 18
6333 4
6334 2
6335 3
6336 9
6337 2
6338 2
6339 9
6340 18
6341 9
6342 4
6343 9
6344 17
6345 10
6346 4
6347 4
6348 5
6349 4
6350 13
6351 2
6352 2
6353 1
6354 18
6355 2
6356 17
6357 22
6358 9
6359 24
6360 11
6361 24
6362 20
6363 9
6364 0
6365 2
6366 2
6367 16
6368 5
6369 4
6370 18
6371 11
6372 23
6373 23
6374 2
6375 2
6376 2
6377 20
6378 23
6379 20
6380 7
6381 2
6382 2
6383 4
6384 16
6385 2
6386 1
6387 16
6388 19
6389 9
6390 19
6391 2
6392 3
6393 4
6394 2
6395 18
6396 4
6397 4
6398 4
6399 23
6400 2
6401 16
6402 8
6403 8
6404 8
6405 4
6406 5
6407 10
6408 10
6409 8
6410 8
6411 0
6412 2
6413 18
6414 14
6415 4
6416 6
6417 14
6418 18
6419 6
6420 2
6421 9
6422 20
6423 4
6424 7
6425 4
6426 2
6427 14
6428 19
6429 0
6430 14
6431 8
6432 8
6433 4
6434 2
6435 2
6436 0
6437 0
6438 0
6439 2
6440 8
6441 20
6442 9
6443 9
6444 2
6445 2
6446 13
6447 18
6448 13
6449 9
6450 1
6451 6
6452 18
6453 2
6454 20
6455 20
6456 2
6457 9
6458 4
6459 7
6460 25
6461 4
6462 8
6463 8
6464 6
6465 13
6466 23
6467 23
6468 2
6469 10
6470 4
6471 24
6472 2
6473 6
6474 14
6475 4
6476 4
6477 2
6478 13
6479 13
6480 13
6481 13
6482 18
6483 6
6484 13
6485 6
6486 24
6487 22
6488 18
6489 24
6490 23
6491 16
6492 23
6493 10
6494 4
6495 16
6496 16
6497 8
6498 8
6499 8
6500 8
6501 8
6502 8
6503 4
6504 19
6505 6
6506 6
6507 6
6508 19
6509 4
6510 4
6511 0
6512 4
6513 22
6514 22
6515 2
6516 6
6517 20
6518 20
6519 8
6520 20
6521 20
6522 20
6523 20
6524 14
6525 19
6526 14
6527 2
6528 2
6529 24
6530 24
6531 2
6532 21
6533 5
6534 5
6535 12
6536 15
6537 15
6538 25
6539 22
6540 2
6541 22
6542 9
6543 24
6544 2
6545 22
6546 0
6547 0
6548 0
6549 4
6550 0
6551 0
6552 0
6553 13
6554 13
6555 24
6556 9
6557 4
6558 8
6559 8
6560 13
6561 8
6562 8
6563 14
6564 1
6565 15
6566 1
6567 2
6568 9
6569 18
6570 13
6571 8
6572 8
6573 20
6574 20
6575 20
6576 20
6577 2
6578 22
6579 18
6580 18
6581 18
6582 23
6583 23
6584 19
6585 23
6586 9
6587 0
6588 2
6589 2
6590 5
6591 2
6592 2
6593 24
6594 24
6595 24
6596 24
6597 24
6598 24
6599 24
6600 2
6601 19
6602 19
6603 4
6604 19
6605 19
6606 19
6607 21
6608 19
6609 19
6610 19
6611 19
6612 19
6613 2
6614 2
6615 2
6616 6
6617 2
6618 6
6619 2
6620 6
6621 10
6622 4
6623 1
6624 12
6625 17
6626 12
6627 12
6628 12
6629 12
6630 12
6631 22
6632 1
6633 1
6634 1
6635 0
6636 23
6637 18
6638 18
6639 7
6640 3
6641 0
6642 0
6643 9
6644 0
6645 0
6646 23
6647 16
6648 3
6649 22
6650 10
6651 9
6652 8
6653 8
6654 7
6655 2
6656 2
6657 17
6658 24
6659 24
6660 24
6661 2
6662 2
6663 8
6664 9
6665 2
6666 8
6667 8
6668 8
6669 19
6670 14
6671 8
6672 8
6673 8
6674 11
6675 7
6676 25
6677 9
6678 2
6679 2
6680 20
6681 21
6682 6
6683 4
6684 17
6685 17
6686 1
6687 15
6688 9
6689 22
6690 3
6691 2
6692 18
6693 2
6694 15
6695 18
6696 18
6697 2
6698 2
6699 2
6700 18
6701 16
6702 2
6703 2
6704 24
6705 24
6706 24
6707 9
6708 24
6709 24
6710 24
6711 5
6712 20
6713 4
6714 4
6715 2
6716 4
6717 4
6718 15
6719 8
6720 0
6721 11
6722 9
6723 11
6724 6
6725 15
6726 18
6727 10
6728 20
6729 20
6730 9
6731 15
6732 20
6733 9
6734 2
6735 9
6736 7
6737 22
6738 22
6739 7
6740 4
6741 7
6742 2
6743 2
6744 12
6745 1
6746 18
6747 6
6748 11
6749 2
6750 9
6751 2
6752 11
6753 11
6754 11
6755 24
6756 9
6757 20
6758 22
6759 15
6760 22
6761 13
6762 10
6763 13
6764 2
6765 2
6766 2
6767 4
6768 18
6769 18
6770 18
6771 2
6772 9
6773 22
6774 2
6775 22
6776 12
6777 12
6778 18
6779 2
6780 9
6781 23
6782 12
6783 9
6784 9
6785 12
6786 2
6787 15
6788 12
6789 22
6790 22
6791 0
6792 19
6793 15
6794 18
6795 15
6796 15
6797 15
6798 8
6799 15
6800 20
6801 8
6802 20
6803 20
6804 2
6805 18
6806 7
6807 4
6808 15
6809 18
6810 11
6811 4
6812 9
6813 7
6814 18
6815 8
6816 2
6817 22
6818 24
6819 24
6820 3
6821 25
6822 2
6823 2
6824 15
6825 11
6826 5
6827 9
6828 2
6829 23
6830 8
6831 2
6832 2
6833 2
6834 2
6835 2
6836 6
6837 4
6838 4
6839 4
6840 4
6841 19
6842 2
6843 9
6844 18
6845 18
6846 18
6847 15
6848 22
6849 9
6850 18
6851 2
6852 12
6853 11
6854 0
6855 10
6856 10
6857 11
6858 6
6859 12
6860 12
6861 22
6862 2
6863 11
6864 2
6865 23
6866 15
6867 22
6868 20
6869 14
6870 14
6871 2
6872 2
6873 2
6874 6
6875 12
6876 7
6877 2
6878 2
6879 2
6880 22
6881 18
6882 3
6883 2
6884 0
6885 4
6886 13
6887 18
6888 14
6889 14
6890 3
6891 3
6892 16
6893 25
6894 25
6895 25
6896 25
6897 25
6898 22
6899 22
6900 15
6901 12
6902 4
6903 4
6904 2
6905 2
6906 11
6907 11
6908 11
6909 18
6910 2
6911 15
6912 8
6913 15
6914 12
6915 15
6916 4
6917 18
6918 3
6919 2
6920 5
6921 18
6922 18
6923 4
6924 22
6925 4
6926 9
6927 9
6928 2
6929 2
6930 2
6931 2
6932 8
6933 4
6934 6
6935 2
6936 2
6937 11
6938 2
6939 2
6940 10
6941 12
6942 10
6943 23
6944 22
6945 6
6946 5
6947 13
6948 8
6949 0
6950 18
6951 8
6952 2
6953 2
6954 22
6955 8
6956 8
6957 8
6958 3
6959 3
6960 22
6961 1
6962 1
6963 21
6964 18
6965 18
6966 9
6967 9
6968 9
6969 2
6970 2
6971 2
6972 14
6973 14
6974 10
6975 9
6976 6
6977 6
6978 22
6979 25
6980 25
6981 25
6982 8
6983 19
6984 1
6985 2
6986 2
6987 2
6988 2
6989 8
6990 2
6991 25
6992 22
6993 22
6994 2
6995 22
6996 7
6997 7
6998 0
6999 7
7000 8
7001 2
7002 13
7003 11
7004 11
7005 4
7006 14
7007 14
7008 18
7009 18
7010 9
7011 16
7012 2
7013 18
7014 17
7015 2
7016 18
7017 3
7018 2
7019 2
7020 9
7021 2
7022 6
7023 10
7024 12
7025 12
7026 21
7027 21
7028 21
7029 11
7030 18
7031 18
7032 18
7033 2
7034 2
7035 9
7036 18
7037 2
7038 4
7039 9
7040 2
7041 20
7042 2
7043 13
7044 4
7045 18
7046 9
7047 9
7048 9
7049 19
7050 2
7051 17
7052 15
7053 0
7054 2
7055 21
7056 22
7057 22
7058 2
7059 22
7060 4
7061 14
7062 19
7063 10
7064 11
7065 11
7066 2
7067 2
7068 22
7069 2
7070 9
7071 2
7072 18
7073 19
7074 19
7075 6
7076 19
7077 19
7078 2
7079 4
7080 4
7081 4
7082 4
7083 2
7084 4
7085 5
7086 2
7087 0
7088 0
7089 0
7090 0
7091 0
7092 0
7093 5
7094 5
7095 2
7096 11
7097 13
7098 15
7099 2
7100 2
7101 10
7102 18
7103 13
7104 13
7105 8
7106 17
7107 23
7108 11
7109 24
7110 19
7111 20
7112 18
7113 18
7114 5
7115 5
7116 2
7117 2
7118 16
7119 1
7120 2
7121 18
7122 24
7123 9
7124 9
7125 2
7126 18
7127 14
7128 22
7129 9
7130 9
7131 6
7132 6
7133 10
7134 3
7135 16
7136 18
7137 9
7138 15
7139 9
7140 19
7141 4
7142 19
7143 19
7144 3
7145 3
7146 5
7147 9
7148 2
7149 8
7150 22
7151 22
7152 22
7153 22
7154 11
7155 11
7156 17
7157 19
7158 2
7159 8
7160 3
7161 8
7162 9
7163 2
7164 2
7165 9
7166 10
7167 9
7168 10
7169 22
7170 10
7171 12
7172 4
7173 12
7174 17
7175 2
7176 9
7177 6
7178 1
7179 13
7180 13
7181 13
7182 13
7183 11
7184 2
7185 16
7186 23
7187 2
7188 22
7189 11
7190 16
7191 3
7192 15
7193 13
7194 20
7195 23
7196 20
7197 2
7198 23
7199 2
7200 9
7201 12
7202 2
7203 8
7204 19
7205 12
7206 9
7207 9
7208 9
7209 8
7210 14
7211 20
7212 4
7213 4
7214 4
7215 14
7216 20
7217 9
7218 1
7219 2
7220 9
7221 19
7222 10
7223 9
7224 2
7225 20
7226 14
7227 2
7228 9
7229 2
7230 2
7231 2
7232 7
7233 14
7234 17
7235 17
7236 23
7237 2
7238 8
7239 6
7240 5
7241 5
7242 2
7243 8
7244 2
7245 15
7246 15
7247 15
7248 15
7249 2
7250 2
7251 20
7252 8
7253 1
7254 14
7255 1
7256 12
7257 6
7258 23
7259 23
7260 8
7261 8
7262 8
7263 8
7264 25
7265 1
7266 23
7267 5
7268 22
7269 1
7270 9
7271 18
7272 18
7273 18
7274 18
7275 22
7276 8
7277 2
7278 18
7279 6
7280 2
7281 2
7282 12
7283 2
7284 12
7285 12
7286 12
7287 4
7288 21
7289 21
7290 21
7291 21
7292 21
7293 21
7294 21
7295 21
7296 21
7297 21
7298 21
7299 4
7300 21
7301 21
7302 21
7303 21
7304 21
7305 21
7306 21
7307 21
7308 21
7309 2
7310 21
7311 21
7312 21
7313 21
7314 21
7315 19
7316 19
7317 19
7318 23
7319 21
7320 18
7321 18
7322 2
7323 11
7324 3
7325 9
7326 0
7327 9
7328 15
7329 15
7330 24
7331 22
7332 1
7333 16
7334 6
7335 23
7336 12
7337 19
7338 9
7339 8
7340 17
7341 17
7342 8
7343 17
7344 3
7345 2
7346 4
7347 18
7348 2
7349 2
7350 19
7351 19
7352 2
7353 17
7354 18
7355 2
7356 8
7357 7
7358 7
7359 20
7360 15
7361 2
7362 17
7363 20
7364 17
7365 2
7366 0
7367 1
7368 2
7369 9
7370 15
7371 11
7372 12
7373 12
7374 16
7375 19
7376 4
7377 4
7378 4
7379 24
7380 3
7381 13
7382 2
7383 16
7384 18
7385 16
7386 16
7387 2
7388 2
7389 0
7390 14
7391 22
7392 22
7393 22
7394 16
7395 3
7396 9
7397 9
7398 19
7399 5
7400 17
7401 16
7402 23
7403 16
7404 13
7405 22
7406 21
7407 16
7408 1
7409 9
7410 9
7411 9
7412 18
7413 9
7414 3
7415 8
7416 8
7417 24
7418 11
7419 14
7420 11
7421 4
7422 20
7423 15
7424 18
7425 2
7426 2
7427 2
7428 19
7429 15
7430 2
7431 11
7432 20
7433 2
7434 9
7435 19
7436 16
7437 18
7438 7
7439 12
7440 23
7441 8
7442 13
7443 0
7444 20
7445 15
7446 15
7447 15
7448 15
7449 16
7450 15
7451 2
7452 22
7453 2
7454 19
7455 19
7456 19
7457 19
7458 18
7459 4
7460 4
7461 13
7462 18
7463 22
7464 4
7465 22
7466 3
7467 19
7468 19
7469 19
7470 15
7471 15
7472 11
7473 1
7474 4
7475 11
7476 2
7477 19
7478 18
7479 10
7480 6
7481 2
7482 3
7483 9
7484 18
7485 21
7486 18
7487 2
7488 19
7489 9
7490 4
7491 3
7492 4
7493 4
7494 9
7495 4
7496 18
7497 7
7498 20
7499 2
7500 20
7501 20
7502 10
7503 18
7504 18
7505 15
7506 3
7507 9
7508 17
7509 5
7510 5
7511 20
7512 19
7513 19
7514 15
7515 19
7516 22
7517 22
7518 22
7519 22
7520 21
7521 2
7522 8
7523 8
7524 8
7525 4
7526 18
7527 18
7528 14
7529 4
7530 0
7531 2
7532 3
7533 9
7534 22
7535 4
7536 11
7537 22
7538 5
7539 12
7540 12
7541 18
7542 16
7543 19
7544 19
7545 19
7546 15
7547 15
7548 18
7549 16
7550 18
7551 18
7552 18
7553 8
7554 20
7555 20
7556 19
7557 19
7558 7
7559 23
7560 19
7561 15
7562 15
7563 15
7564 9
7565 23
7566 15
7567 7
7568 15
7569 15
7570 15
7571 6
7572 0
7573 22
7574 9
7575 19
7576 19
7577 2
7578 2
7579 2
7580 20
7581 19
7582 16
7583 16
7584 16
7585 24
7586 13
7587 15
7588 13
7589 4
7590 2
7591 16
7592 19
7593 23
7594 23
7595 5
7596 9
7597 13
7598 12
7599 12
7600 12
7601 3
7602 2
7603 11
7604 2
7605 2
7606 8
7607 8
7608 20
7609 6
7610 6
7611 18
7612 4
7613 2
7614 22
7615 2
7616 22
7617 22
7618 2
7619 15
7620 2
7621 4
7622 4
7623 4
7624 18
7625 15
7626 14
7627 12
7628 5
7629 2
7630 2
7631 16
7632 23
7633 23
7634 19
7635 22
7636 12
7637 12
7638 12
7639 10
7640 5
7641 8
7642 8
7643 2
7644 2
7645 2
7646 2
7647 16
7648 18
7649 14
7650 23
7651 22
7652 15
7653 15
7654 18
7655 3
7656 2
7657 2
7658 2
7659 24
7660 9
7661 5
7662 2
7663 2
7664 2
7665 0
7666 0
7667 2
7668 8
7669 8
7670 8
7671 1
7672 21
7673 12
7674 2
7675 2
7676 18
7677 21
7678 22
7679 2
7680 9
7681 9
7682 21
7683 14
7684 14
7685 20
7686 9
7687 13
7688 25
7689 4
7690 2
7691 20
7692 2
7693 16
7694 2
7695 17
7696 17
7697 16
7698 18
7699 0
7700 9
7701 24
7702 24
7703 2
7704 14
7705 5
7706 18
7707 3
7708 20
7709 3
7710 15
7711 2
7712 5
7713 8
7714 11
7715 18
7716 9
7717 15
7718 1
7719 2
7720 15
7721 15
7722 2
7723 8
7724 20
7725 8
7726 6
7727 0
7728 23
7729 11
7730 5
7731 2
7732 8
7733 23
7734 2
7735 11
7736 2
7737 21
7738 7
7739 9
7740 9
7741 9
7742 2
7743 16
7744 16
7745 16
7746 16
7747 15
7748 7
7749 7
7750 8
7751 18
7752 18
7753 19
7754 15
7755 15
7756 15
7757 7
7758 23
7759 23
7760 23
7761 23
7762 23
7763 23
7764 23
7765 23
7766 23
7767 18
7768 14
7769 5
7770 2
7771 2
7772 9
7773 22
7774 22
7775 12
7776 22
7777 3
7778 12
7779 2
7780 3
7781 10
7782 9
7783 18
7784 0
7785 2
7786 18
7787 3
7788 8
7789 17
7790 17
7791 2
7792 17
7793 10
7794 4
7795 17
7796 20
7797 20
7798 3
7799 11
7800 19
7801 19
7802 4
7803 7
7804 23
7805 12
7806 11
7807 2
7808 2
7809 1
7810 1
7811 1
7812 19
7813 19
7814 10
7815 3
7816 3
7817 3
7818 2
7819 23
7820 18
7821 2
7822 18
7823 9
7824 5
7825 5
7826 2
7827 5
7828 4
7829 8
7830 4
7831 18
7832 20
7833 0
7834 0
7835 23
7836 22
7837 11
7838 19
7839 19
7840 4
7841 8
7842 11
7843 16
7844 18
7845 12
7846 20
7847 8
7848 8
7849 9
7850 13
7851 20
7852 18
7853 1
7854 18
7855 9
7856 4
7857 4
7858 12
7859 15
7860 18
7861 10
7862 14
7863 23
7864 17
7865 4
7866 11
7867 24
7868 13
7869 13
7870 13
7871 10
7872 10
7873 10
7874 2
7875 23
7876 24
7877 4
7878 22
7879 9
7880 20
7881 6
7882 8
7883 18
7884 19
7885 21
7886 5
7887 12
7888 12
7889 2
7890 2
7891 15
7892 4
7893 25
7894 20
7895 2
7896 2
7897 0
7898 19
7899 4
7900 4
7901 4
7902 9
7903 22
7904 8
7905 20
7906 20
7907 2
7908 5
7909 5
7910 5
7911 5
7912 4
7913 4
7914 4
7915 16
7916 21
7917 21
7918 15
7919 2
7920 6
7921 6
7922 9
7923 1
7924 1
7925 8
7926 16
7927 3
7928 3
7929 3
7930 3
7931 2
7932 0
7933 2
7934 16
7935 17
7936 24
7937 2
7938 16
7939 0
7940 3
7941 20
7942 22
7943 8
7944 12
7945 12
7946 12
7947 22
7948 9
7949 3
7950 18
7951 11
7952 25
7953 7
7954 15
7955 16
7956 10
7957 2
7958 2
7959 16
7960 0
7961 3
7962 2
7963 2
7964 2
7965 3
7966 16
7967 4
7968 12
7969 4
7970 15
7971 8
7972 23
7973 25
7974 19
7975 11
7976 11
7977 11
7978 11
7979 3
7980 11
7981 4
7982 4
7983 4
7984 7
7985 7
7986 11
7987 11
7988 11
7989 12
7990 4
7991 11
7992 23
7993 23
7994 13
7995 12
7996 8
7997 6
7998 4
7999 2
8000 17
8001 8
8002 2
8003 12
8004 2
8005 24
8006 15
8007 18
8008 8
8009 8
8010 16
8011 8
8012 8
8013 19
8014 8
8015 8
8016 8
8017 20
8018 8
8019 20
8020 18
8021 22
8022 11
8023 17
8024 2
8025 2
8026 25
8027 25
8028 25
8029 25
8030 25
8031 23
8032 23
8033 18
8034 8
8035 19
8036 11
8037 11
8038 2
8039 11
8040 24
8041 6
8042 16
8043 6
8044 6
8045 4
8046 4
8047 16
8048 19
8049 19
8050 19
8051 19
8052 18
8053 4
8054 12
8055 13
8056 21
8057 2
8058 11
8059 4
8060 9
8061 0
8062 12
8063 24
8064 9
8065 22
8066 11
8067 11
8068 14
8069 14
8070 2
8071 14
8072 14
8073 14
8074 12
8075 3
8076 9
8077 8
8078 0
8079 0
8080 0
8081 0
8082 0
8083 0
8084 12
8085 16
8086 3
8087 3
8088 16
8089 8
8090 16
8091 16
8092 16
8093 19
8094 15
8095 11
8096 4
8097 22
8098 18
8099 21
8100 8
8101 12
8102 2
8103 20
8104 9
8105 0
8106 17
8107 16
8108 6
8109 6
8110 18
8111 18
8112 8
8113 8
8114 8
8115 8
8116 8
8117 8
8118 8
8119 0
8120 19
8121 0
8122 0
8123 1
8124 4
8125 2
8126 2
8127 9
8128 11
8129 10
8130 8
8131 8
8132 1
8133 11
8134 2
8135 22
8136 2
8137 9
8138 19
8139 9
8140 18
8141 22
8142 22
8143 19
8144 0
8145 11
8146 8
8147 18
8148 18
8149 18
8150 14
8151 22
8152 14
8153 8
8154 18
8155 9
8156 14
8157 18
8158 24
8159 18
8160 19
8161 7
8162 6
8163 3
8164 18
8165 2
8166 2
8167 22
8168 13
8169 2
8170 14
8171 19
8172 2
8173 2
8174 9
8175 9
8176 18
8177 20
8178 4
8179 2
8180 14
8181 2
8182 19
8183 19
8184 2
8185 20
8186 2
8187 2
8188 2
8189 2
8190 2
8191 2
8192 22
8193 22
8194 19
8195 22
8196 0
8197 2
8198 3
8199 4
8200 0
8201 2
8202 0
8203 0
8204 4
8205 0
8206 0
8207 2
8208 13
8209 13
8210 11
8211 2
8212 18
8213 18
8214 8
8215 4
8216 17
8217 17
8218 4
8219 2
8220 18
8221 18
8222 15
8223 18
8224 20
8225 20
8226 2
8227 3
8228 11
8229 2
8230 2
8231 16
8232 16
8233 18
8234 18
8235 2
8236 18
8237 18
8238 1
8239 22
8240 22
8241 6
8242 3
8243 22
8244 3
8245 3
8246 18
8247 2
8248 23
8249 11
8250 20
8251 22
8252 2
8253 2
8254 2
8255 22
8256 13
8257 8
8258 16
8259 2
8260 5
8261 17
8262 11
8263 3
8264 16
8265 4
8266 12
8267 20
8268 16
8269 1
8270 1
8271 1
8272 9
8273 13
8274 13
8275 6
8276 17
8277 10
8278 16
8279 9
8280 23
8281 23
8282 19
8283 23
8284 23
8285 20
8286 20
8287 20
8288 20
8289 19
8290 9
8291 8
8292 6
8293 19
8294 20
8295 4
8296 9
8297 20
8298 20
8299 10
8300 10
8301 4
8302 9
8303 2
8304 19
8305 19
8306 7
8307 22
8308 18
8309 2
8310 5
8311 2
8312 2
8313 22
8314 15
8315 2
8316 20
8317 20
8318 20
8319 20
8320 18
8321 14
8322 14
8323 12
8324 12
8325 23
8326 1
8327 22
8328 25
8329 25
8330 8
8331 6
8332 20
8333 8
8334 16
8335 4
8336 4
8337 4
8338 18
8339 19
8340 19
8341 19
8342 21
8343 16
8344 14
8345 13
8346 0
8347 17
8348 2
8349 19
8350 23
8351 8
8352 8
8353 17
8354 17
8355 2
8356 19
8357 19
8358 19
8359 4
8360 18
8361 20
8362 20
8363 2
8364 8
8365 9
8366 6
8367 0
8368 0
8369 20
8370 19
8371 19
8372 19
8373 16
8374 16
8375 16
8376 3
8377 3
8378 3
8379 16
8380 16
8381 9
8382 9
8383 16
8384 22
8385 15
8386 2
8387 11
8388 19
8389 1
8390 9
8391 9
8392 11
8393 18
8394 11
8395 11
8396 11
8397 16
8398 15
8399 15
8400 19
8401 0
8402 19
8403 19
8404 19
8405 18
8406 16
8407 2
8408 2
8409 10
8410 20
8411 12
8412 12
8413 22
8414 2
8415 2
8416 19
8417 19
8418 19
8419 19
8420 19
8421 19
8422 4
8423 20
8424 24
8425 21
8426 15
8427 11
8428 6
8429 4
8430 11
8431 11
8432 9
8433 9
8434 21
8435 21
8436 9
8437 20
8438 2
8439 10
8440 10
8441 21
8442 4
8443 11
8444 4
8445 15
8446 19
8447 15
8448 2
8449 15
8450 15
8451 15
8452 17
8453 17
8454 2
8455 15
8456 2
8457 9
8458 16
8459 8
8460 8
8461 8
8462 14
8463 14
8464 14
8465 24
8466 0
8467 0
8468 18
8469 18
8470 4
8471 12
8472 18
8473 18
8474 11
8475 16
8476 22
8477 19
8478 19
8479 7
8480 7
8481 9
8482 22
8483 7
8484 23
8485 7
8486 7
8487 7
8488 18
8489 17
8490 10
8491 22
8492 15
8493 22
8494 16
8495 18
8496 24
8497 15
8498 15
8499 3
8500 22
8501 4
8502 13
8503 16
8504 13
8505 13
8506 12
8507 2
8508 12
8509 12
8510 12
8511 2
8512 3
8513 2
8514 21
8515 3
8516 22
8517 24
8518 15
8519 12
8520 4
8521 2
8522 22
8523 8
8524 20
8525 20
8526 20
8527 2
8528 2
8529 18
8530 18
8531 11
8532 15
8533 15
8534 2
8535 0
8536 20
8537 6
8538 13
8539 13
8540 2
8541 5
8542 5
8543 7
8544 5
8545 2
8546 24
8547 22
8548 22
8549 22
8550 22
8551 2
8552 9
8553 5
8554 5
8555 12
8556 12
8557 18
8558 21
8559 9
8560 9
8561 22
8562 23
8563 7
8564 2
8565 21
8566 13
8567 14
8568 9
8569 20
8570 20
8571 2
8572 10
8573 22
8574 2
8575 2
8576 0
8577 1
8578 4
8579 4
8580 8
8581 20
8582 0
8583 18
8584 18
8585 2
8586 19
8587 2
8588 20
8589 22
8590 2
8591 8
8592 23
8593 0
8594 1
8595 0
8596 20
8597 8
8598 19
8599 11
8600 11
8601 11
8602 11
8603 1
8604 20
8605 17
8606 12
8607 23
8608 7
8609 7
8610 9
8611 9
8612 2
8613 2
8614 9
8615 16
8616 16
8617 9
8618 20
8619 3
8620 18
8621 24
8622 15
8623 2
8624 18
8625 4
8626 10
8627 10
8628 9
8629 18
8630 0
8631 15
8632 23
8633 4
8634 2
8635 4
8636 20
8637 4
8638 7
8639 7
8640 12
8641 22
8642 2
8643 2
8644 2
8645 14
8646 3
8647 3
8648 3
8649 11
8650 23
8651 23
8652 2
8653 8
8654 8
8655 4
8656 19
8657 15
8658 11
8659 19
8660 13
8661 16
8662 9
8663 2
8664 13
8665 15
8666 4
8667 11
8668 17
8669 15
8670 6
8671 11
8672 11
8673 2
8674 11
8675 9
8676 2
8677 24
8678 24
8679 13
8680 19
8681 22
8682 20
8683 20
8684 20
8685 15
8686 9
8687 2
8688 19
8689 19
8690 18
8691 12
8692 17
8693 16
8694 9
8695 21
8696 20
8697 20
8698 23
8699 6
8700 18
8701 14
8702 20
8703 20
8704 15
8705 20
8706 20
8707 16
8708 19
8709 8
8710 24
8711 9
8712 5
8713 10
8714 15
8715 17
8716 16
8717 20
8718 11
8719 2
8720 9
8721 16
8722 16
8723 16
8724 16
8725 16
8726 4
8727 3
8728 19
8729 0
8730 24
8731 0
8732 9
8733 16
8734 22
8735 2
8736 3
8737 3
8738 21
8739 13
8740 22
8741 22
8742 22
8743 22
8744 19
8745 16
8746 3
8747 3
8748 15
8749 18
8750 10
8751 9
8752 10
8753 7
8754 16
8755 18
8756 2
8757 16
8758 16
8759 16
8760 22
8761 16
8762 2
8763 16
8764 10
8765 12
8766 22
8767 25
8768 25
8769 19
8770 19
8771 19
8772 12
8773 15
8774 8
8775 12
8776 12
8777 11
8778 23
8779 18
8780 10
8781 16
8782 10
8783 10
8784 21
8785 8
8786 8
8787 19
8788 19
8789 22
8790 18
8791 2
8792 18
8793 16
8794 22
8795 22
8796 22
8797 13
8798 16
8799 2
8800 25
8801 25
8802 2
8803 18
8804 20
8805 18
8806 14
8807 20
8808 16
8809 16
8810 2
8811 16
8812 1
8813 18
8814 10
8815 1
8816 2
8817 21
8818 1
8819 21
8820 15
8821 15
8822 0
8823 13
8824 2
8825 2
8826 16
8827 18
8828 0
8829 18
8830 0
8831 3
8832 15
8833 8
8834 11
8835 2
8836 8
8837 18
8838 16
8839 1
8840 18
8841 19
8842 2
8843 2
8844 2
8845 2
8846 22
8847 17
8848 17
8849 17
8850 13
8851 17
8852 19
8853 19
8854 19
8855 19
8856 20
8857 16
8858 0
8859 19
8860 9
8861 14
8862 14
8863 20
8864 9
8865 19
8866 9
8867 2
8868 2
8869 2
8870 21
8871 0
8872 0
8873 24
8874 22
8875 11
8876 14
8877 8
8878 24
8879 2
8880 24
8881 24
8882 24
8883 18
8884 18
8885 18
8886 18
8887 18
8888 3
8889 18
8890 6
8891 13
8892 20
8893 13
8894 13
8895 5
8896 20
8897 2
8898 9
8899 4
8900 15
8901 0
8902 4
8903 2
8904 5
8905 11
8906 18
8907 9
8908 2
8909 22
8910 24
8911 3
8912 3
8913 3
8914 22
8915 0
8916 2
8917 0
8918 4
8919 4
8920 24
8921 15
8922 2
8923 18
8924 4
8925 22
8926 16
8927 9
8928 8
8929 13
8930 16
8931 16
8932 20
8933 3
8934 22
8935 22
8936 19
8937 9
8938 9
8939 2
8940 2
8941 16
8942 8
8943 17
8944 19
8945 5
8946 17
8947 17
8948 22
8949 13
8950 4
8951 9
8952 2
8953 13
8954 16
8955 20
8956 20
8957 22
8958 10
8959 22
8960 13
8961 13
8962 6
8963 4
8964 6
8965 8
8966 6
8967 1
8968 8
8969 10
8970 10
8971 10
8972 20
8973 6
8974 22
8975 10
8976 16
8977 2
8978 6
8979 18
8980 19
8981 13
8982 18
8983 20
8984 19
8985 8
8986 1
8987 22
8988 9
8989 4
8990 20
8991 20
8992 8
8993 20
8994 18
8995 4
8996 20
8997 14
8998 13
8999 13
9000 22
9001 4
9002 7
9003 15
9004 24
9005 19
9006 8
9007 23
9008 20
9009 20
9010 9
9011 11
9012 1
9013 23
9014 22
9015 8
9016 1
9017 8
9018 7
9019 1
9020 9
9021 15
9022 12
9023 19
9024 9
9025 16
9026 1
9027 0
9028 0
9029 0
9030 0
9031 2
9032 22
9033 19
9034 4
9035 22
9036 21
9037 21
9038 21
9039 2
9040 21
9041 20
9042 20
9043 11
9044 19
9045 19
9046 10
9047 19
9048 2
9049 13
9050 15
9051 15
9052 18
9053 4
9054 2
9055 22
9056 11
9057 8
9058 12
9059 11
9060 16
9061 14
9062 1
9063 13
9064 11
9065 11
9066 3
9067 11
9068 12
9069 23
9070 23
9071 16
9072 17
9073 19
9074 17
9075 23
9076 4
9077 23
9078 18
9079 22
9080 16
9081 15
9082 15
9083 22
9084 16
9085 16
9086 22
9087 11
9088 13
9089 22
9090 16
9091 21
9092 24
9093 24
9094 23
9095 6
9096 24
9097 4
9098 4
9099 4
9100 8
9101 9
9102 25
9103 0
9104 0
9105 2
9106 22
9107 22
9108 22
9109 4
9110 2
9111 2
9112 17
9113 20
9114 16
9115 24
9116 2
9117 24
9118 13
9119 21
9120 2
9121 13
9122 13
9123 13
9124 13
9125 13
9126 4
9127 14
9128 3
9129 10
9130 8
9131 22
9132 13
9133 13
9134 2
9135 20
9136 20
9137 22
9138 23
9139 0
9140 23
9141 20
9142 20
9143 4
9144 4
9145 0
9146 18
9147 22
9148 18
9149 6
9150 9
9151 9
9152 9
9153 9
9154 9
9155 16
9156 24
9157 18
9158 15
9159 10
9160 13
9161 8
9162 20
9163 2
9164 21
9165 21
9166 6
9167 9
9168 2
9169 15
9170 22
9171 23
9172 11
9173 11
9174 11
9175 9
9176 11
9177 10
9178 10
9179 22
9180 11
9181 10
9182 8
9183 8
9184 8
9185 8
9186 3
9187 10
9188 15
9189 4
9190 15
9191 18
9192 13
9193 9
9194 19
9195 19
9196 2
9197 15
9198 16
9199 15
9200 19
9201 15
9202 9
9203 6
9204 6
9205 6
9206 2
9207 22
9208 11
9209 11
9210 4
9211 17
9212 11
9213 11
9214 9
9215 24
9216 16
9217 1
9218 15
9219 15
9220 15
9221 11
9222 21
9223 21
9224 21
9225 21
9226 6
9227 6
9228 6
9229 0
9230 24
9231 18
9232 18
9233 2
9234 14
9235 21
9236 15
9237 21
9238 2
9239 16
9240 19
9241 19
9242 11
9243 19
9244 19
9245 8
9246 8
9247 8
9248 9
9249 9
9250 6
9251 9
9252 23
9253 23
9254 23
9255 23
9256 23
9257 23
9258 2
9259 9
9260 2
9261 11
9262 6
9263 9
9264 8
9265 18
9266 22
9267 24
9268 4
9269 22
9270 13
9271 18
9272 9
9273 19
9274 19
9275 19
9276 9
9277 16
9278 22
9279 9
9280 22
9281 10
9282 19
9283 10
9284 10
9285 12
9286 11
9287 12
9288 16
9289 2
9290 25
9291 8
9292 0
9293 2
9294 23
9295 23
9296 22
9297 22
9298 19
9299 12
9300 2
9301 2
9302 18
9303 21
9304 2
9305 2
9306 1
9307 1
9308 1
9309 1
9310 1
9311 9
9312 15
9313 22
9314 2
9315 13
9316 16
9317 16
9318 11
9319 18
9320 8
9321 8
9322 24
9323 2
9324 16
9325 18
9326 8
9327 18
9328 18
9329 18
9330 19
9331 16
9332 8
9333 8
9334 11
9335 22
9336 13
9337 19
9338 9
9339 19
9340 19
9341 2
9342 19
9343 20
9344 4
9345 20
9346 9
9347 19
9348 18
9349 2
9350 0
9351 19
9352 18
9353 15
9354 18
9355 18
9356 9
9357 9
9358 10
9359 23
9360 23
9361 23
9362 23
9363 1
9364 19
9365 19
9366 18
9367 8
9368 8
9369 0
9370 21
9371 8
9372 22
9373 11
9374 11
9375 8
9376 24
9377 8
9378 15
9379 22
9380 18
9381 9
9382 20
9383 20
9384 20
9385 20
9386 20
9387 2
9388 20
9389 20
9390 8
9391 2
9392 0
9393 0
9394 15
9395 18
9396 24
9397 3
9398 24
9399 24
9400 7
9401 2
9402 23
9403 22
9404 15
9405 9
9406 21
9407 8
9408 11
9409 13
9410 13
9411 13
9412 6
9413 19
9414 17
9415 0
9416 0
9417 4
9418 2
9419 22
9420 22
9421 22
9422 16
9423 4
9424 14
9425 22
9426 13
9427 13
9428 13
9429 20
9430 11
9431 16
9432 11
9433 8
9434 6
9435 6
9436 6
9437 6
9438 8
9439 13
9440 23
9441 20
9442 18
9443 6
9444 10
9445 20
9446 4
9447 1
9448 18
9449 18
9450 13
9451 23
9452 20
9453 25
9454 12
9455 7
9456 4
9457 7
9458 7
9459 6
9460 24
9461 2
9462 15
9463 20
9464 1
9465 1
9466 2
9467 23
9468 17
9469 7
9470 7
9471 15
9472 20
9473 9
9474 20
9475 22
9476 2
9477 11
9478 22
9479 16
9480 11
9481 19
9482 4
9483 22
9484 22
9485 22
9486 11
9487 19
9488 11
9489 16
9490 20
9491 2
9492 21
9493 18
9494 18
9495 25
9496 4
9497 4
9498 4
9499 13
9500 8
9501 6
9502 8
9503 4
9504 1
9505 14
9506 14
9507 14
9508 11
9509 11
9510 16
9511 16
9512 20
9513 19
9514 19
9515 4
9516 23
9517 23
9518 23
9519 9
9520 16
9521 20
9522 16
9523 16
9524 23
9525 2
9526 22
9527 22
9528 9
9529 13
9530 7
9531 24
9532 24
9533 19
9534 24
9535 8
9536 8
9537 8
9538 8
9539 6
9540 2
9541 2
9542 2
9543 16
9544 15
9545 16
9546 16
9547 20
9548 7
9549 15
9550 2
9551 20
9552 17
9553 2
9554 13
9555 16
9556 3
9557 13
9558 13
9559 24
9560 8
9561 6
9562 9
9563 22
9564 20
9565 2
9566 2
9567 6
9568 18
9569 23
9570 9
9571 9
9572 2
9573 7
9574 23
9575 6
9576 6
9577 2
9578 2
9579 2
9580 23
9581 2
9582 13
9583 16
9584 16
9585 8
9586 4
9587 20
9588 6
9589 17
9590 22
9591 21
9592 1
9593 10
9594 10
9595 10
9596 10
9597 10
9598 10
9599 10
9600 10
9601 11
9602 19
9603 9
9604 23
9605 4
9606 6
9607 11
9608 9
9609 11
9610 16
9611 24
9612 21
9613 21
9614 16
9615 16
9616 6
9617 6
9618 21
9619 21
9620 2
9621 6
9622 19
9623 6
9624 6
9625 6
9626 6
9627 8
9628 25
9629 8
9630 6
9631 6
9632 24
9633 1
9634 19
9635 22
9636 22
9637 22
9638 9
9639 15
9640 23
9641 12
9642 18
9643 16
9644 16
9645 16
9646 3
9647 2
9648 15
9649 17
9650 16
9651 12
9652 9
9653 12
9654 18
9655 21
9656 18
9657 1
9658 1
9659 21
9660 9
9661 2
9662 11
9663 11
9664 11
9665 8
9666 22
9667 9
9668 3
9669 22
9670 24
9671 2
9672 2
9673 22
9674 18
9675 22
9676 8
9677 16
9678 8
9679 22
9680 22
9681 4
9682 4
9683 19
9684 22
9685 9
9686 10
9687 23
9688 1
9689 1
9690 1
9691 18
9692 10
9693 18
9694 18
9695 21
9696 20
9697 21
9698 6
9699 7
9700 23
9701 24
9702 7
9703 22
9704 22
9705 13
9706 22
9707 19
9708 9
9709 9
9710 12
9711 12
9712 8
9713 10
9714 2
9715 24
9716 24
9717 25
9718 23
9719 23
9720 7
9721 7
9722 23
9723 8
9724 22
9725 9
9726 9
9727 20
9728 15
9729 15
9730 15
9731 4
9732 10
9733 19
9734 22
9735 16
9736 22
9737 18
9738 7
9739 3
9740 8
9741 23
9742 23
9743 10
9744 11
9745 18
9746 11
9747 10
9748 10
9749 20
9750 25
9751 20
9752 23
9753 23
9754 7
9755 15
9756 13
9757 7
9758 2
9759 7
9760 4
9761 6
9762 6
9763 20
9764 20
9765 22
9766 20
9767 17
9768 10
9769 16
9770 4
9771 16
9772 9
9773 10
9774 4
9775 9
9776 20
9777 19
9778 22
9779 16
9780 24
9781 11
9782 11
9783 9
9784 16
9785 8
9786 1
9787 8
9788 4
9789 4
9790 20
9791 9
9792 8
9793 22
9794 16
9795 16
9796 20
9797 23
9798 9
9799 24
9800 19
9801 24
9802 1
9803 22
9804 2
9805 2
9806 19
9807 8
9808 16
9809 16
9810 16
9811 16
9812 16
9813 20
9814 16
9815 16
9816 20
9817 20
9818 15
9819 24
9820 15
9821 22
9822 7
9823 7
9824 23
9825 6
9826 24
9827 20
9828 9
9829 6
9830 6
9831 10
9832 2
9833 23
9834 24
9835 2
9836 10
9837 11
9838 2
9839 19
9840 22
9841 20
9842 17
9843 6
9844 7
9845 16
9846 19
9847 10
9848 1
9849 10
9850 10
9851 2
9852 10
9853 9
9854 2
9855 16
9856 21
9857 21
9858 2
9859 8
9860 19
9861 18
9862 15
9863 15
9864 15
9865 15
9866 1
9867 18
9868 21
9869 4
9870 2
9871 9
9872 12
9873 12
9874 20
9875 18
9876 18
9877 11
9878 18
9879 25
9880 9
9881 11
9882 16
9883 1
9884 7
9885 22
9886 22
9887 19
9888 24
9889 16
9890 16
9891 15
9892 4
9893 18
9894 10
9895 16
9896 18
9897 9
9898 22
9899 21
9900 21
9901 7
9902 18
9903 21
9904 21
9905 25
9906 22
9907 22
9908 22
9909 22
9910 21
9911 24
9912 24
9913 24
9914 24
9915 24
9916 24
9917 18
9918 4
9919 4
9920 4
9921 0
9922 12
9923 4
9924 2
9925 10
9926 10
9927 18
9928 6
9929 20
9930 20
9931 19
9932 7
9933 7
9934 23
9935 23
9936 23
9937 23
9938 8
9939 23
9940 20
9941 23
9942 23
9943 18
9944 23
9945 2
9946 2
9947 9
9948 2
9949 23
9950 11
9951 2
9952 15
9953 10
9954 8
9955 9
9956 24
9957 15
9958 22
9959 10
9960 9
9961 10
9962 10
9963 10
9964 9
9965 8
9966 22
9967 22
9968 10
9969 10
9970 10
9971 10
9972 13
9973 11
9974 24
9975 15
9976 13
9977 13
9978 13
9979 7
9980 7
9981 7
9982 18
9983 20
9984 2
9985 10
9986 2
9987 19
9988 16
9989 4
9990 6
9991 4
9992 10
9993 19
9994 24
9995 23
9996 23
9997 9
9998 23
9999 22
10000 2
10001 1
10002 19
10003 19
10004 19
10005 23
10006 8
10007 10
10008 10
10009 10
10010 22
10011 22
10012 22
10013 20
10014 11
10015 23
10016 23
10017 6
10018 16
10019 2
10020 9
10021 16
10022 19
10023 24
10024 24
10025 24
10026 23
10027 11
10028 6
10029 20
10030 2
10031 7
10032 7
10033 9
10034 7
10035 22
10036 16
10037 1
10038 10
10039 20
10040 21
10041 15
10042 18
10043 8
10044 18
10045 8
10046 15
10047 1
10048 15
10049 15
10050 1
10051 9
10052 1
10053 18
10054 9
10055 18
10056 18
10057 19
10058 18
10059 19
10060 19
10061 19
10062 18
10063 0
10064 11
10065 11
10066 16
10067 16
10068 23
10069 11
10070 18
10071 11
10072 10
10073 10
10074 19
10075 6
10076 16
10077 16
10078 22
10079 18
10080 18
10081 18
10082 18
10083 20
10084 24
10085 11
10086 25
10087 25
10088 25
10089 25
10090 20
10091 22
10092 22
10093 22
10094 22
10095 22
10096 22
10097 21
10098 21
10099 21
10100 21
10101 24
10102 24
10103 4
10104 24
10105 10
10106 20
10107 24
10108 24
10109 12
10110 8
10111 22
10112 10
10113 10
10114 18
10115 4
10116 19
10117 19
10118 20
10119 23
10120 23
10121 18
10122 18
10123 18
10124 18
10125 23
10126 20
10127 4
10128 4
10129 11
10130 11
10131 9
10132 9
10133 1
10134 15
10135 15
10136 10
10137 10
10138 10
10139 6
10140 22
10141 2
10142 24
10143 24
10144 18
10145 2
10146 13
10147 9
10148 4
10149 9
10150 23
10151 23
10152 23
10153 23
10154 23
10155 23
10156 13
10157 2
10158 2
10159 2
10160 8
10161 12
10162 10
10163 3
10164 23
10165 9
10166 16
10167 16
10168 24
10169 24
10170 3
10171 24
10172 13
10173 22
10174 4
10175 2
10176 2
10177 9
10178 10
10179 10
10180 10
10181 20
10182 15
10183 2
10184 19
10185 10
10186 8
10187 10
10188 8
10189 4
10190 1
10191 1
10192 20
10193 8
10194 9
10195 10
10196 19
10197 0
10198 0
10199 18
10200 23
10201 23
10202 6
10203 16
10204 16
10205 16
10206 11
10207 11
10208 22
10209 11
10210 18
10211 18
10212 18
10213 18
10214 18
10215 18
10216 18
10217 18
10218 18
10219 18
10220 6
10221 16
10222 19
10223 1
10224 10
10225 8
10226 10
10227 10
10228 10
10229 10
10230 6
10231 6
10232 6
10233 20
10234 24
10235 20
10236 9
10237 20
10238 20
10239 20
10240 20
10241 11
10242 25
10243 2
10244 12
10245 24
10246 24
10247 4
10248 8
10249 8
10250 8
10251 8
10252 8
10253 8
10254 22
10255 22
10256 4
10257 4
10258 2
10259 20
10260 19
10261 19
10262 19
10263 18
10264 2
10265 15
10266 15
10267 15
10268 18
10269 10
10270 8
10271 22
10272 4
10273 22
10274 22
10275 22
10276 20
10277 18
10278 18
10279 18
10280 2
10281 7
10282 23
10283 13
10284 13
10285 8
10286 3
10287 3
10288 2
10289 10
10290 4
10291 22
10292 3
10293 3
10294 13
10295 0
10296 4
10297 22
10298 18
10299 22
10300 10
10301 2
10302 2
10303 13
10304 8
10305 8
10306 13
10307 4
10308 8
10309 8
10310 16
10311 16
10312 3
10313 16
10314 9
10315 23
10316 23
10317 23
10318 20
10319 23
10320 23
10321 2
10322 18
10323 2
10324 4
10325 22
10326 23
10327 0
10328 3
10329 7
10330 2
10331 16
10332 16
10333 16
10334 24
10335 8
10336 13
10337 19
10338 6
10339 6
10340 2
10341 6
10342 6
10343 6
10344 10
10345 9
10346 22
10347 9
10348 19
10349 22
10350 16
10351 11
10352 24
10353 4
10354 13
10355 18
10356 0
10357 20
10358 20
10359 24
10360 18
10361 13
10362 22
10363 22
10364 12
10365 2
10366 22
10367 20
10368 3
10369 13
10370 7
10371 3
10372 24
10373 7
10374 6
10375 13
10376 8
10377 20
10378 5
10379 5
10380 18
10381 3
10382 24
10383 4
10384 16
10385 24
10386 16
10387 9
10388 20
10389 20
10390 2
10391 22
10392 2
10393 4
10394 8
10395 22
10396 22
10397 6
10398 10
10399 16
10400 24
10401 24
10402 19
10403 7
10404 8
10405 13
10406 13
10407 13
10408 15
10409 15
10410 17
10411 17
10412 17
10413 11
10414 22
10415 24
10416 24
10417 3
10418 2
10419 24
10420 13
10421 13
10422 19
10423 24
10424 24
10425 3
10426 24
10427 24
10428 10
10429 8
10430 10
10431 20
10432 13
10433 24
10434 0
10435 4
10436 23
10437 9
10438 23
10439 19
10440 20
10441 20
10442 20
10443 20
10444 5
10445 22
10446 5
10447 5
10448 9
10449 3
10450 21
10451 8
10452 8
10453 8
10454 8
10455 9
10456 22
10457 6
10458 3
10459 4
10460 4
10461 4
10462 20
10463 2
10464 4
10465 4
10466 4
10467 9
10468 24
10469 24
10470 24
10471 24
10472 1
10473 9
10474 9
10475 22
10476 20
10477 2
10478 2
10479 8
10480 3
10481 6
10482 13
10483 9
10484 6
10485 6
10486 16
10487 0
10488 7
10489 7
10490 7
10491 3
10492 24
10493 2
10494 4
10495 3
10496 22
10497 3
10498 22
10499 9
10500 24
10501 22
10502 24
10503 10
10504 8
10505 13
10506 24
10507 8
10508 19
10509 8
10510 19
10511 23
10512 8
10513 0
10514 0
10515 23
10516 20
10517 20
10518 20
10519 20
10520 22
10521 22
10522 20
10523 20
10524 11
10525 11
10526 5
10527 15
10528 9
10529 24
10530 9
10531 10
10532 6
10533 20
10534 11
10535 20
10536 11
10537 19
10538 24
10539 24
10540 24
10541 1
10542 24
10543 1
10544 9
10545 4
10546 4
10547 4
10548 8
10549 8
10550 8
10551 3
10552 2
10553 17
10554 22
10555 9
10556 16
10557 8
10558 16
10559 18
10560 9
10561 2
10562 7
10563 22
10564 22
10565 3
10566 22
10567 22
10568 13
10569 13
10570 13
10571 13
10572 2
10573 13
10574 13
10575 8
10576 24
10577 7
10578 9
10579 8
10580 8
10581 8
10582 24
10583 23
10584 23
10585 20
10586 20
10587 20
10588 20
10589 20
10590 20
10591 13
10592 11
10593 11
10594 11
10595 3
10596 1
10597 10
10598 19
10599 25
10600 11
10601 1
10602 1
10603 1
10604 23
10605 2
10606 23
10607 1
10608 1
10609 17
10610 20
10611 22
10612 22
10613 22
10614 22
10615 22
10616 8
10617 9
10618 8
10619 8
10620 18
10621 11
10622 22
10623 22
10624 20
10625 20
10626 2
10627 8
10628 8
10629 8
10630 8
10631 7
10632 7
10633 10
10634 7
10635 24
10636 13
10637 9
10638 20
10639 20
10640 9
10641 20
10642 20
10643 11
10644 11
10645 3
10646 3
10647 3
10648 1
10649 1
10650 5
10651 7
10652 20
10653 7
10654 23
10655 8
10656 8
10657 8
10658 2
10659 11
10660 23
10661 19
10662 15
10663 15
10664 20
10665 20
10666 20
10667 20
10668 20
10669 20
10670 2
10671 8
10672 8
10673 8
10674 3
10675 10
10676 10
10677 2
10678 4
10679 3
10680 25
10681 7
10682 7
10683 2
10684 2
10685 11
10686 11
10687 22
10688 23
10689 20
10690 20
10691 20
10692 6
10693 5
10694 8
10695 8
10696 23
10697 4
10698 8
10699 2
10700 4
10701 8
10702 10
10703 8
10704 2
10705 11
10706 11
10707 4
10708 22
10709 22
10710 14
10711 13
10712 4
10713 4
10714 22
10715 4
10716 8
10717 10
10718 25
10719 8
10720 4
10721 20
10722 4
10723 22
10724 8
10725 8
10726 8
10727 8
10728 13
10729 4
10730 6
10731 4
10732 9
10733 2
10734 22
10735 8
10736 16
10737 8
10738 25
10739 19
10740 4
10741 4
10742 22
10743 4
10744 20
10745 8
10746 8
10747 8
10748 22
10749 22
10750 22
10751 2
10752 6
10753 22
10754 16
10755 9
10756 9
10757 9
10758 7
10759 2
10760 15
10761 15
10762 16
10763 4
10764 16
10765 19
10766 19
10767 19
10768 20
10769 19
10770 20
10771 22
10772 22
10773 8
10774 8
10775 8
10776 8
10777 8
10778 22
10779 22
10780 22
10781 20
10782 22
10783 16
10784 9
10785 7
10786 4
10787 6
10788 4
10789 20
10790 20
10791 20
10792 20
10793 2
10794 8
10795 18
10796 4
10797 22
10798 22
10799 8
10800 8
10801 11
10802 10
10803 2
10804 2
10805 22
10806 9
10807 20
10808 7
10809 22
10810 6
10811 6
10812 8
10813 11
10814 2
10815 2
10816 18
10817 9
10818 10
10819 10
10820 10
10821 10
10822 22
10823 22
10824 22
10825 22
10826 22
10827 8
10828 8
10829 11
10830 11
10831 22
10832 23
10833 10
10834 22
10835 23
10836 18
10837 23
10838 10
10839 2
10840 22
10841 3
10842 3
10843 6
10844 10
10845 4
10846 4
10847 10
10848 18
10849 22
10850 22
10851 22
10852 22
10853 8
10854 19
10855 22
10856 3
10857 1
10858 3
10859 6
10860 6
10861 19
10862 4
10863 22
10864 22
10865 22
10866 22
10867 22
10868 1
10869 1
10870 19
10871 12
10872 12
10873 12
10874 6
10875 4
